# Created by Octave 3.6.4, Wed Dec 17 22:36:24 2014 EET <ilij@hp>
# name: LEARNING_DATASIZE
# type: scalar
-1


# name: LEARNING_INPUT
# type: matrix
# rows: 342
# columns: 9
 2 1 1 2 1 0 0 2 1
 1 1 2 0 1 2 1 2 0
 0 2 1 2 1 1 2 1 0
 2 1 2 1 2 0 1 1 0
 0 1 0 2 2 1 1 1 2
 0 1 1 2 2 1 2 1 0
 2 0 1 2 1 1 0 1 2
 0 2 1 1 0 2 1 2 1
 0 2 2 0 1 1 1 1 2
 2 2 0 1 2 1 0 1 1
 0 0 2 1 2 1 1 2 1
 2 1 2 1 0 1 2 1 0
 1 2 2 1 2 0 0 1 1
 1 2 2 0 1 2 1 1 0
 0 1 2 2 2 1 0 1 1
 0 1 2 2 2 1 0 1 1
 0 0 2 2 1 1 2 1 1
 1 1 2 2 2 1 0 1 0
 0 2 2 1 1 2 0 1 1
 2 1 2 1 2 1 1 0 0
 1 2 1 1 0 0 2 2 1
 2 0 1 2 2 1 1 1 0
 0 2 2 1 2 1 1 1 0
 2 2 1 0 1 0 2 1 1
 0 2 2 2 1 1 0 1 1
 1 0 2 0 2 1 1 2 1
 2 1 2 1 2 0 1 1 0
 2 2 1 1 0 1 1 2 0
 0 2 2 1 1 0 2 1 1
 0 2 1 2 1 1 2 1 0
 1 1 0 0 2 2 1 2 1
 0 1 1 2 2 1 1 0 2
 0 1 2 1 0 1 2 2 1
 0 2 0 1 2 1 1 1 2
 0 1 2 1 0 1 2 1 2
 1 2 0 1 2 1 2 1 0
 0 0 1 1 2 1 2 1 2
 2 0 0 1 2 1 1 2 1
 1 0 2 2 1 0 1 1 2
 2 0 1 1 2 1 2 1 0
 2 1 2 1 0 2 1 1 0
 0 1 1 2 2 0 1 2 1
 1 1 0 0 2 2 1 2 1
 2 1 1 2 0 2 1 0 1
 1 2 1 0 1 1 0 2 2
 1 1 0 1 2 2 0 1 2
 0 1 2 1 2 1 1 0 2
 0 1 1 1 2 1 2 2 0
 0 1 1 1 2 0 1 2 2
 1 1 2 2 2 1 0 0 1
 2 0 1 1 2 2 1 1 0
 0 1 2 1 2 2 1 1 0
 2 1 1 2 1 1 0 2 0
 0 1 2 2 1 1 2 0 1
 2 1 2 2 1 1 0 0 1
 0 1 1 1 2 0 2 1 2
 1 1 0 0 1 2 1 2 2
 2 1 2 1 2 1 1 0 0
 1 0 1 2 1 1 2 2 0
 1 1 2 2 1 2 1 0 0
 1 1 0 2 1 1 2 2 0
 1 2 2 0 1 2 1 1 0
 2 1 1 1 2 2 1 0 0
 0 1 0 2 1 1 2 2 1
 0 2 2 2 1 1 1 0 1
 0 1 1 2 0 2 1 2 1
 0 2 2 2 1 1 1 1 0
 1 1 2 0 1 0 1 2 2
 2 1 2 1 2 0 1 1 0
 1 2 0 1 2 0 2 1 1
 0 2 2 1 1 2 1 0 1
 2 1 1 1 1 0 2 2 0
 1 1 2 0 1 1 2 2 0
 1 1 2 1 2 2 0 0 1
 1 1 0 2 1 2 1 0 2
 0 1 2 1 2 1 1 0 2
 2 1 1 1 0 0 2 1 2
 2 1 1 1 0 1 2 2 0
 0 2 2 2 1 1 1 0 1
 0 2 1 2 1 1 2 1 0
 0 1 1 2 0 1 2 1 2
 0 2 1 1 0 2 1 2 1
 0 1 2 1 2 2 0 1 1
 0 2 2 2 1 1 1 1 0
 0 1 2 1 1 2 1 2 0
 1 0 0 2 1 2 1 1 2
 2 0 1 1 2 1 2 1 0
 0 1 1 2 2 1 1 0 2
 1 0 1 2 1 1 0 2 2
 0 1 2 1 2 1 0 2 1
 1 1 0 2 1 1 2 2 0
 2 1 2 1 0 1 2 1 0
 2 1 1 2 0 2 1 1 0
 1 2 1 2 0 2 1 0 1
 2 2 0 2 1 1 1 1 0
 1 0 1 2 1 1 2 0 2
 1 1 2 1 1 0 2 2 0
 1 1 2 1 2 2 0 0 1
 1 1 2 2 2 1 0 1 0
 0 2 0 1 2 1 1 1 2
 2 0 2 2 1 1 1 1 0
 1 1 2 1 0 2 2 0 1
 1 1 0 2 2 1 2 1 0
 0 1 0 2 1 1 2 2 1
 0 1 1 0 2 2 1 2 1
 1 2 2 1 2 1 0 1 0
 2 0 1 2 2 1 1 1 0
 1 0 1 2 2 1 1 2 0
 2 1 1 1 2 1 2 0 0
 0 1 1 0 2 1 2 1 2
 0 2 1 1 2 2 1 0 1
 1 0 0 2 1 2 1 1 2
 0 2 2 2 1 1 1 1 0
 0 2 2 1 0 1 1 1 2
 2 2 1 1 0 0 1 1 2
 1 0 2 2 1 2 1 1 0
 2 1 1 1 2 1 0 2 0
 1 2 1 1 0 2 0 2 1
 0 2 2 1 2 1 1 1 0
 1 1 0 2 2 1 2 0 1
 1 2 2 0 1 2 1 1 0
 1 1 0 1 2 0 2 1 2
 1 1 2 0 2 1 0 1 2
 0 2 2 1 2 1 1 1 0
 1 1 2 2 2 0 1 1 0
 1 2 2 1 2 1 0 1 0
 0 1 1 1 2 0 1 2 2
 1 2 1 1 2 1 2 0 0
 0 1 1 0 2 2 1 2 1
 1 1 2 2 2 1 0 1 0
 1 2 1 0 1 1 2 2 0
 2 1 0 2 0 1 1 1 2
 0 1 2 1 1 2 1 2 0
 1 0 1 2 0 2 2 1 1
 0 1 2 1 1 0 1 2 2
 1 0 1 0 2 1 1 2 2
 1 2 2 1 2 0 0 1 1
 1 2 2 1 0 1 2 0 1
 0 1 2 1 2 2 1 1 0
 1 2 1 0 1 1 2 2 0
 1 2 1 2 2 0 0 1 1
 1 1 2 1 1 2 2 0 0
 2 1 2 1 2 0 0 1 1
 0 1 1 2 1 2 2 0 1
 1 1 2 0 2 2 1 0 1
 0 2 0 1 2 1 2 1 1
 2 1 1 1 2 1 2 0 0
 1 2 1 0 2 2 1 1 0
 0 1 1 2 1 1 0 2 2
 1 2 2 1 2 1 0 1 0
 2 2 1 0 2 1 1 1 0
 1 1 2 1 2 1 0 2 0
 1 2 0 1 2 1 2 1 0
 0 1 0 2 1 1 2 2 1
 2 1 0 1 2 1 2 0 1
 2 1 1 1 2 1 2 0 0
 2 1 2 1 1 2 1 0 0
 2 1 2 1 0 1 1 0 2
 0 1 1 2 2 1 2 1 0
 2 1 0 1 0 1 1 2 2
 2 2 1 1 0 1 1 2 0
 2 2 1 0 2 1 1 1 0
 0 2 2 2 1 1 1 1 0
 0 1 2 2 1 1 2 0 1
 2 1 1 1 2 1 2 0 0
 0 2 1 2 1 0 2 1 1
 0 1 2 2 1 1 2 0 1
 0 1 1 0 2 2 1 2 1
 0 2 2 0 1 1 1 2 1
 0 1 2 1 0 1 2 2 1
 1 2 1 1 1 0 2 2 0
 2 1 1 2 0 1 1 0 2
 1 2 1 0 1 1 0 2 2
 0 2 0 1 1 2 1 1 2
 1 0 1 2 2 1 1 2 0
 0 1 1 0 2 1 1 2 2
 2 0 2 2 1 1 1 1 0
 1 1 2 0 0 1 2 1 2
 2 0 2 1 0 1 1 2 1
 2 0 2 2 1 1 1 1 0
 1 2 1 2 2 0 1 1 0
 0 1 0 2 2 1 1 1 2
 2 1 1 2 0 2 1 1 0
 0 1 1 1 2 1 2 2 0
 0 2 2 0 1 1 1 2 1
 1 0 1 1 1 2 0 2 2
 0 2 1 1 2 0 1 1 2
 1 1 2 0 0 1 2 1 2
 0 1 1 2 1 0 2 2 1
 0 1 1 2 2 0 1 2 1
 0 2 2 2 1 1 0 1 1
 0 1 1 2 1 0 2 2 1
 2 2 0 1 1 2 1 0 1
 0 1 1 2 2 1 2 1 0
 2 2 1 1 0 0 1 2 1
 2 0 1 2 0 1 1 1 2
 0 1 0 1 2 1 2 2 1
 1 1 0 2 1 1 2 2 0
 2 2 0 1 1 2 1 1 0
 0 2 1 1 0 1 1 2 2
 1 2 0 1 2 1 2 1 0
 1 1 0 2 1 1 2 2 0
 0 1 1 2 1 1 0 2 2
 1 1 0 2 2 1 2 1 0
 0 2 2 2 1 1 1 1 0
 1 1 2 0 2 1 0 2 1
 2 2 0 2 1 1 1 1 0
 2 1 2 0 2 1 1 1 0
 2 1 2 2 0 1 0 1 1
 2 1 1 0 2 2 1 0 1
 0 1 0 1 2 2 2 1 1
 0 0 1 2 1 1 2 1 2
 0 1 1 0 2 1 2 1 2
 1 2 2 1 2 1 0 1 0
 1 1 2 0 1 1 2 2 0
 0 1 2 1 2 2 1 1 0
 1 1 2 2 2 1 0 1 0
 2 1 0 0 1 1 2 2 1
 1 1 0 2 1 2 1 0 2
 2 1 0 1 0 1 2 1 2
 1 1 0 1 2 0 2 2 1
 0 2 2 1 1 2 1 0 1
 0 1 2 2 1 1 2 0 1
 1 2 0 2 2 1 1 0 1
 1 2 1 0 0 2 1 2 1
 1 1 2 1 1 2 0 2 0
 2 1 2 1 2 0 1 1 0
 0 2 2 0 1 1 1 2 1
 0 1 1 2 2 1 2 1 0
 1 0 1 2 1 1 2 2 0
 2 1 2 1 1 2 1 0 0
 1 2 0 0 1 2 1 1 2
 0 1 2 1 0 2 2 1 1
 0 2 1 0 2 1 1 1 2
 1 0 1 1 1 2 2 2 0
 0 1 1 1 2 1 2 2 0
 0 0 2 1 2 1 1 1 2
 0 0 2 1 2 1 1 2 1
 2 0 2 1 1 0 2 1 1
 2 2 0 1 1 2 1 1 0
 1 1 0 1 2 2 2 1 0
 2 1 1 2 2 1 1 0 0
 1 2 2 1 0 1 0 2 1
 0 1 1 0 2 1 1 2 2
 1 1 2 1 1 2 0 2 0
 1 1 2 2 1 0 1 0 2
 2 1 1 1 2 0 2 1 0
 2 2 1 1 2 1 0 1 0
 0 0 2 1 2 1 1 1 2
 2 0 1 0 1 2 2 1 1
 0 1 1 1 2 2 0 1 2
 1 1 2 2 2 1 0 1 0
 2 2 0 2 1 1 1 1 0
 0 2 0 1 2 1 2 1 1
 0 1 2 1 0 1 2 1 2
 0 1 1 1 1 2 0 2 2
 2 2 0 1 1 2 1 0 1
 2 1 1 1 2 2 0 1 0
 2 2 0 1 2 1 0 1 1
 2 1 1 2 2 0 1 0 1
 0 2 0 1 2 1 2 1 1
 0 1 1 2 2 1 2 1 0
 0 2 2 0 1 1 1 2 1
 1 1 2 1 1 2 0 2 0
 2 1 2 1 0 2 1 1 0
 0 1 2 1 2 2 0 1 1
 2 1 2 1 0 0 2 1 1
 0 1 2 1 1 2 1 2 0
 1 2 1 1 1 0 2 0 2
 2 2 1 1 0 1 0 1 2
 2 1 1 1 1 0 2 2 0
 2 1 0 1 2 1 2 0 1
 0 1 1 0 2 2 1 2 1
 2 1 1 1 2 1 0 2 0
 1 1 0 1 1 2 2 2 0
 0 2 0 1 1 2 1 1 2
 0 2 2 0 1 1 2 1 1
 2 0 1 2 0 1 1 1 2
 2 1 2 1 1 2 1 0 0
 2 2 0 1 1 0 1 1 2
 0 2 2 0 1 1 1 1 2
 0 2 2 2 1 1 1 0 1
 0 2 0 1 2 1 2 1 1
 1 2 1 0 2 2 1 1 0
 1 1 2 0 1 1 2 2 0
 1 1 2 2 2 0 1 1 0
 0 1 1 2 0 2 1 2 1
 0 1 2 1 2 2 1 1 0
 1 2 2 0 1 2 1 1 0
 0 1 1 1 2 0 1 2 2
 1 1 0 2 1 2 1 0 2
 1 1 2 1 1 0 2 2 0
 2 1 1 1 2 2 0 1 0
 2 1 1 2 2 0 1 0 1
 1 1 0 2 1 1 2 2 0
 2 1 1 2 1 1 0 2 0
 0 0 1 1 2 2 1 2 1
 1 1 2 2 0 1 2 1 0
 2 2 1 0 1 1 2 1 0
 1 2 1 2 2 1 1 0 0
 2 2 1 1 0 1 0 1 2
 0 2 1 2 1 1 2 1 0
 1 2 1 1 2 0 2 0 1
 2 1 0 1 0 1 1 2 2
 1 0 1 0 2 2 2 1 1
 2 1 2 1 2 1 1 0 0
 1 2 1 1 2 0 2 0 1
 2 0 1 2 2 1 1 1 0
 0 2 1 1 0 1 1 2 2
 0 2 2 1 1 0 1 2 1
 2 1 1 1 0 1 2 2 0
 2 1 0 1 2 2 1 1 0
 2 1 1 2 2 1 1 0 0
 1 2 1 0 2 1 1 0 2
 1 2 0 1 0 1 2 2 1
 1 1 2 1 1 2 2 0 0
 2 1 1 2 1 2 0 0 1
 1 0 2 2 1 2 1 1 0
 1 2 1 2 0 2 1 1 0
 1 1 2 2 1 2 1 0 0
 1 1 2 0 1 0 1 2 2
 1 1 0 2 2 1 2 1 0
 1 2 2 1 1 2 0 1 0
 0 1 1 2 1 0 2 2 1
 0 1 1 2 2 1 0 1 2
 1 0 2 1 1 2 2 1 0
 0 0 1 2 2 1 1 1 2
 1 2 1 2 0 1 1 2 0
 1 2 1 2 0 2 1 1 0
 0 0 1 1 2 1 2 1 2
 1 2 1 0 2 2 1 1 0
 2 1 2 1 1 2 1 0 0
 1 2 1 2 2 0 1 1 0
 0 1 1 2 2 1 0 1 2
 2 1 1 1 2 1 2 0 0
 0 2 2 0 1 1 2 1 1
 2 2 1 1 2 1 0 1 0
 0 1 1 2 0 2 1 2 1
 0 1 1 0 2 1 1 2 2
 0 0 1 2 2 1 1 1 2
 1 2 2 0 1 2 1 1 0
 2 0 1 2 1 2 0 1 1


# name: LEARNING_OUTPUT
# type: matrix
# rows: 342
# columns: 9
 2 1 1 2 1 0 2 2 1
 1 1 2 0 1 2 1 2 2
 2 2 1 2 1 1 2 1 0
 2 1 2 1 2 0 1 1 2
 2 1 0 2 2 1 1 1 2
 2 1 1 2 2 1 2 1 0
 2 0 1 2 1 1 2 1 2
 0 2 1 1 2 2 1 2 1
 2 2 2 0 1 1 1 1 2
 2 2 2 1 2 1 0 1 1
 0 2 2 1 2 1 1 2 1
 2 1 2 1 2 1 2 1 0
 1 2 2 1 2 0 2 1 1
 1 2 2 0 1 2 1 1 2
 0 1 2 2 2 1 2 1 1
 0 1 2 2 2 1 2 1 1
 2 0 2 2 1 1 2 1 1
 1 1 2 2 2 1 2 1 0
 2 2 2 1 1 2 0 1 1
 2 1 2 1 2 1 1 0 2
 1 2 1 1 2 0 2 2 1
 2 0 1 2 2 1 1 1 2
 2 2 2 1 2 1 1 1 0
 2 2 1 2 1 0 2 1 1
 2 2 2 2 1 1 0 1 1
 1 2 2 0 2 1 1 2 1
 2 1 2 1 2 0 1 1 2
 2 2 1 1 2 1 1 2 0
 2 2 2 1 1 0 2 1 1
 2 2 1 2 1 1 2 1 0
 1 1 0 2 2 2 1 2 1
 2 1 1 2 2 1 1 0 2
 0 1 2 1 2 1 2 2 1
 2 2 0 1 2 1 1 1 2
 0 1 2 1 2 1 2 1 2
 1 2 2 1 2 1 2 1 0
 2 0 1 1 2 1 2 1 2
 2 2 0 1 2 1 1 2 1
 1 0 2 2 1 2 1 1 2
 2 0 1 1 2 1 2 1 2
 2 1 2 1 0 2 1 1 2
 0 1 1 2 2 2 1 2 1
 1 1 0 2 2 2 1 2 1
 2 1 1 2 2 2 1 0 1
 1 2 1 0 1 1 2 2 2
 1 1 2 1 2 2 0 1 2
 2 1 2 1 2 1 1 0 2
 0 1 1 1 2 1 2 2 2
 2 1 1 1 2 0 1 2 2
 1 1 2 2 2 1 2 0 1
 2 0 1 1 2 2 1 1 2
 0 1 2 1 2 2 1 1 2
 2 1 1 2 1 1 2 2 0
 2 1 2 2 1 1 2 0 1
 2 1 2 2 1 1 2 0 1
 2 1 1 1 2 0 2 1 2
 1 1 2 0 1 2 1 2 2
 2 1 2 1 2 1 1 0 2
 1 0 1 2 1 1 2 2 2
 1 1 2 2 1 2 1 0 2
 1 1 0 2 1 1 2 2 2
 1 2 2 0 1 2 1 1 2
 2 1 1 1 2 2 1 0 2
 2 1 0 2 1 1 2 2 1
 2 2 2 2 1 1 1 0 1
 0 1 1 2 2 2 1 2 1
 2 2 2 2 1 1 1 1 0
 1 1 2 0 1 2 1 2 2
 2 1 2 1 2 0 1 1 2
 1 2 2 1 2 0 2 1 1
 2 2 2 1 1 2 1 0 1
 2 1 1 1 1 0 2 2 2
 1 1 2 0 1 1 2 2 2
 1 1 2 1 2 2 2 0 1
 1 1 2 2 1 2 1 0 2
 2 1 2 1 2 1 1 0 2
 2 1 1 1 2 0 2 1 2
 2 1 1 1 0 1 2 2 2
 2 2 2 2 1 1 1 0 1
 2 2 1 2 1 1 2 1 0
 2 1 1 2 0 1 2 1 2
 0 2 1 1 2 2 1 2 1
 0 1 2 1 2 2 2 1 1
 2 2 2 2 1 1 1 1 0
 0 1 2 1 1 2 1 2 2
 1 0 2 2 1 2 1 1 2
 2 0 1 1 2 1 2 1 2
 2 1 1 2 2 1 1 0 2
 1 0 1 2 1 1 2 2 2
 0 1 2 1 2 1 2 2 1
 1 1 0 2 1 1 2 2 2
 2 1 2 1 2 1 2 1 0
 2 1 1 2 2 2 1 1 0
 1 2 1 2 2 2 1 0 1
 2 2 2 2 1 1 1 1 0
 1 0 1 2 1 1 2 2 2
 1 1 2 1 1 0 2 2 2
 1 1 2 1 2 2 2 0 1
 1 1 2 2 2 1 2 1 0
 2 2 0 1 2 1 1 1 2
 2 2 2 2 1 1 1 1 0
 1 1 2 1 2 2 2 0 1
 1 1 2 2 2 1 2 1 0
 2 1 0 2 1 1 2 2 1
 0 1 1 2 2 2 1 2 1
 1 2 2 1 2 1 2 1 0
 2 0 1 2 2 1 1 1 2
 1 2 1 2 2 1 1 2 0
 2 1 1 1 2 1 2 0 2
 2 1 1 0 2 1 2 1 2
 0 2 1 1 2 2 1 2 1
 1 0 2 2 1 2 1 1 2
 2 2 2 2 1 1 1 1 0
 2 2 2 1 0 1 1 1 2
 2 2 1 1 2 0 1 1 2
 1 0 2 2 1 2 1 1 2
 2 1 1 1 2 1 0 2 2
 1 2 1 1 2 2 0 2 1
 2 2 2 1 2 1 1 1 0
 1 1 2 2 2 1 2 0 1
 1 2 2 0 1 2 1 1 2
 1 1 2 1 2 0 2 1 2
 1 1 2 0 2 1 2 1 2
 2 2 2 1 2 1 1 1 0
 1 1 2 2 2 2 1 1 0
 1 2 2 1 2 1 2 1 0
 2 1 1 1 2 0 1 2 2
 1 2 1 1 2 1 2 2 0
 0 1 1 2 2 2 1 2 1
 1 1 2 2 2 1 2 1 0
 1 2 1 0 1 1 2 2 2
 2 1 0 2 2 1 1 1 2
 0 1 2 1 1 2 1 2 2
 1 0 1 2 2 2 2 1 1
 0 1 2 1 1 2 1 2 2
 1 2 1 0 2 1 1 2 2
 1 2 2 1 2 0 2 1 1
 1 2 2 1 2 1 2 0 1
 0 1 2 1 2 2 1 1 2
 1 2 1 0 1 1 2 2 2
 1 2 1 2 2 2 0 1 1
 1 1 2 1 1 2 2 0 2
 2 1 2 1 2 0 2 1 1
 2 1 1 2 1 2 2 0 1
 1 1 2 2 2 2 1 0 1
 0 2 2 1 2 1 2 1 1
 2 1 1 1 2 1 2 0 2
 1 2 1 2 2 2 1 1 0
 0 1 1 2 1 1 2 2 2
 1 2 2 1 2 1 2 1 0
 2 2 1 0 2 1 1 1 2
 1 1 2 1 2 1 2 2 0
 1 2 2 1 2 1 2 1 0
 2 1 0 2 1 1 2 2 1
 2 1 2 1 2 1 2 0 1
 2 1 1 1 2 1 2 0 2
 2 1 2 1 1 2 1 0 2
 2 1 2 1 2 1 1 0 2
 2 1 1 2 2 1 2 1 0
 2 1 0 1 2 1 1 2 2
 2 2 1 1 2 1 1 2 0
 2 2 1 0 2 1 1 1 2
 2 2 2 2 1 1 1 1 0
 2 1 2 2 1 1 2 0 1
 2 1 1 1 2 1 2 0 2
 2 2 1 2 1 0 2 1 1
 2 1 2 2 1 1 2 0 1
 0 1 1 2 2 2 1 2 1
 2 2 2 0 1 1 1 2 1
 0 1 2 1 2 1 2 2 1
 1 2 1 1 1 0 2 2 2
 2 1 1 2 2 1 1 0 2
 1 2 1 0 1 1 2 2 2
 0 2 2 1 1 2 1 1 2
 1 2 1 2 2 1 1 2 0
 2 1 1 0 2 1 1 2 2
 2 2 2 2 1 1 1 1 0
 1 1 2 0 2 1 2 1 2
 2 2 2 1 0 1 1 2 1
 2 2 2 2 1 1 1 1 0
 1 2 1 2 2 2 1 1 0
 2 1 0 2 2 1 1 1 2
 2 1 1 2 2 2 1 1 0
 0 1 1 1 2 1 2 2 2
 2 2 2 0 1 1 1 2 1
 1 0 1 1 1 2 2 2 2
 2 2 1 1 2 0 1 1 2
 1 1 2 0 2 1 2 1 2
 2 1 1 2 1 0 2 2 1
 0 1 1 2 2 2 1 2 1
 2 2 2 2 1 1 0 1 1
 2 1 1 2 1 0 2 2 1
 2 2 2 1 1 2 1 0 1
 2 1 1 2 2 1 2 1 0
 2 2 1 1 2 0 1 2 1
 2 0 1 2 2 1 1 1 2
 0 1 2 1 2 1 2 2 1
 1 1 0 2 1 1 2 2 2
 2 2 2 1 1 2 1 1 0
 0 2 1 1 2 1 1 2 2
 1 2 2 1 2 1 2 1 0
 1 1 0 2 1 1 2 2 2
 0 1 1 2 1 1 2 2 2
 1 1 2 2 2 1 2 1 0
 2 2 2 2 1 1 1 1 0
 1 1 2 0 2 1 2 2 1
 2 2 2 2 1 1 1 1 0
 2 1 2 0 2 1 1 1 2
 2 1 2 2 0 1 2 1 1
 2 1 1 2 2 2 1 0 1
 0 1 2 1 2 2 2 1 1
 2 0 1 2 1 1 2 1 2
 2 1 1 0 2 1 2 1 2
 1 2 2 1 2 1 2 1 0
 1 1 2 0 1 1 2 2 2
 0 1 2 1 2 2 1 1 2
 1 1 2 2 2 1 2 1 0
 2 1 0 2 1 1 2 2 1
 1 1 2 2 1 2 1 0 2
 2 1 0 1 2 1 2 1 2
 1 1 2 1 2 0 2 2 1
 2 2 2 1 1 2 1 0 1
 2 1 2 2 1 1 2 0 1
 1 2 0 2 2 1 1 2 1
 1 2 1 0 2 2 1 2 1
 1 1 2 1 1 2 0 2 2
 2 1 2 1 2 0 1 1 2
 2 2 2 0 1 1 1 2 1
 2 1 1 2 2 1 2 1 0
 1 0 1 2 1 1 2 2 2
 2 1 2 1 1 2 1 0 2
 1 2 2 0 1 2 1 1 2
 0 1 2 1 2 2 2 1 1
 2 2 1 0 2 1 1 1 2
 1 0 1 1 1 2 2 2 2
 0 1 1 1 2 1 2 2 2
 2 0 2 1 2 1 1 1 2
 0 2 2 1 2 1 1 2 1
 2 2 2 1 1 0 2 1 1
 2 2 2 1 1 2 1 1 0
 1 1 2 1 2 2 2 1 0
 2 1 1 2 2 1 1 0 2
 1 2 2 1 2 1 0 2 1
 2 1 1 0 2 1 1 2 2
 1 1 2 1 1 2 0 2 2
 1 1 2 2 1 2 1 0 2
 2 1 1 1 2 0 2 1 2
 2 2 1 1 2 1 0 1 2
 2 0 2 1 2 1 1 1 2
 2 0 1 2 1 2 2 1 1
 2 1 1 1 2 2 0 1 2
 1 1 2 2 2 1 2 1 0
 2 2 2 2 1 1 1 1 0
 0 2 2 1 2 1 2 1 1
 0 1 2 1 2 1 2 1 2
 0 1 1 1 1 2 2 2 2
 2 2 2 1 1 2 1 0 1
 2 1 1 1 2 2 0 1 2
 2 2 2 1 2 1 0 1 1
 2 1 1 2 2 2 1 0 1
 0 2 2 1 2 1 2 1 1
 2 1 1 2 2 1 2 1 0
 2 2 2 0 1 1 1 2 1
 1 1 2 1 1 2 0 2 2
 2 1 2 1 0 2 1 1 2
 0 1 2 1 2 2 2 1 1
 2 1 2 1 2 0 2 1 1
 0 1 2 1 1 2 1 2 2
 1 2 1 1 1 0 2 2 2
 2 2 1 1 2 1 0 1 2
 2 1 1 1 1 0 2 2 2
 2 1 2 1 2 1 2 0 1
 0 1 1 2 2 2 1 2 1
 2 1 1 1 2 1 0 2 2
 1 1 0 1 1 2 2 2 2
 0 2 2 1 1 2 1 1 2
 2 2 2 0 1 1 2 1 1
 2 0 1 2 2 1 1 1 2
 2 1 2 1 1 2 1 0 2
 2 2 2 1 1 0 1 1 2
 2 2 2 0 1 1 1 1 2
 2 2 2 2 1 1 1 0 1
 0 2 2 1 2 1 2 1 1
 1 2 1 2 2 2 1 1 0
 1 1 2 0 1 1 2 2 2
 1 1 2 2 2 2 1 1 0
 0 1 1 2 2 2 1 2 1
 0 1 2 1 2 2 1 1 2
 1 2 2 0 1 2 1 1 2
 2 1 1 1 2 0 1 2 2
 1 1 2 2 1 2 1 0 2
 1 1 2 1 1 0 2 2 2
 2 1 1 1 2 2 0 1 2
 2 1 1 2 2 2 1 0 1
 1 1 0 2 1 1 2 2 2
 2 1 1 2 1 1 2 2 0
 0 2 1 1 2 2 1 2 1
 1 1 2 2 2 1 2 1 0
 2 2 1 2 1 1 2 1 0
 1 2 1 2 2 1 1 2 0
 2 2 1 1 2 1 0 1 2
 2 2 1 2 1 1 2 1 0
 1 2 1 1 2 0 2 2 1
 2 1 0 1 2 1 1 2 2
 1 0 1 2 2 2 2 1 1
 2 1 2 1 2 1 1 0 2
 1 2 1 1 2 0 2 2 1
 2 0 1 2 2 1 1 1 2
 0 2 1 1 2 1 1 2 2
 2 2 2 1 1 0 1 2 1
 2 1 1 1 0 1 2 2 2
 2 1 0 1 2 2 1 1 2
 2 1 1 2 2 1 1 0 2
 1 2 1 0 2 1 1 2 2
 1 2 0 1 2 1 2 2 1
 1 1 2 1 1 2 2 0 2
 2 1 1 2 1 2 2 0 1
 1 0 2 2 1 2 1 1 2
 1 2 1 2 2 2 1 1 0
 1 1 2 2 1 2 1 0 2
 1 1 2 0 1 2 1 2 2
 1 1 2 2 2 1 2 1 0
 1 2 2 1 1 2 0 1 2
 2 1 1 2 1 0 2 2 1
 2 1 1 2 2 1 0 1 2
 1 0 2 1 1 2 2 1 2
 2 0 1 2 2 1 1 1 2
 1 2 1 2 2 1 1 2 0
 1 2 1 2 2 2 1 1 0
 2 0 1 1 2 1 2 1 2
 1 2 1 2 2 2 1 1 0
 2 1 2 1 1 2 1 0 2
 1 2 1 2 2 2 1 1 0
 2 1 1 2 2 1 0 1 2
 2 1 1 1 2 1 2 0 2
 2 2 2 0 1 1 2 1 1
 2 2 1 1 2 1 0 1 2
 0 1 1 2 2 2 1 2 1
 2 1 1 0 2 1 1 2 2
 2 0 1 2 2 1 1 1 2
 1 2 2 0 1 2 1 1 2
 2 0 1 2 1 2 2 1 1


# name: ans
# type: scalar
0


# name: argn
# type: sq_string
# elements: 2
# length: 7
player1
# length: 7
player2


# name: flag1
# type: scalar
2


# name: flag2
# type: scalar
0


# name: gS
# type: matrix
# rows: 3
# columns: 3
 2 2 2
 0 1 1
 1 2 1


# name: gS2
# type: matrix
# rows: 3
# columns: 3
 2 2 0
 2 1 1
 1 2 1


# name: gameFlag
# type: scalar
0


# name: gameState
# type: matrix
# rows: 3
# columns: 3
 0 0 0
 0 0 0
 0 0 0


# name: player1
# type: function handle
@<anonymous>
@(gameState, playerNo) playerRandom (gameState, playerNo)


# name: player2
# type: function handle
@<anonymous>
@(gameState, playerNo) playerAI (gameState, playerNo)


# name: playerNo_current
# type: scalar
1


# name: sub_gameFlag
# type: scalar
0


# name: sub_gameState
# type: matrix
# rows: 3
# columns: 3
 0 1 0
 0 0 0
 2 0 0


# name: sub_moveNo
# type: scalar
2


# name: sub_playerNo_current
# type: scalar
1


