# Created by Octave 3.6.4, Mon Dec 15 18:21:50 2014 EET <ilij@hp>
# name: player1_nn_lsizes
# type: global matrix
# rows: 1
# columns: 3
 18 50 9


# name: player1_nn_params
# type: global matrix
# rows: 1409
# columns: 1
 0.5074075062472687
 -1.028028366671008
 0.3272190880260298
 -1.236572884903156
 1.298179203323483
 -1.047172658475625
 -0.3086876499064124
 1.203512943101028
 0.7570896108853176
 -1.300323070632238
 0.163223983053368
 -0.7481370882907274
 0.4508899634330691
 -1.072358541818107
 -1.432227676661949
 -1.150465750509458
 -0.8544438702903269
 0.5766504219664811
 -1.04858828682345
 1.041929747045787
 0.4239879047039311
 -0.5791272816208924
 -0.8785626697060248
 0.1872159063835142
 -0.158078509437929
 0.1860927073149458
 0.3469767530353081
 -0.5569873646156678
 -0.4714103093477867
 0.9253942376773866
 0.2900586760651398
 -1.141712204763222
 -0.8199990237228196
 -0.4747864087891253
 -1.313321822032183
 1.142857609781565
 0.4343704951231181
 0.9847461559810562
 -0.3153740789194026
 -1.278279590835275
 0.935733068137678
 -0.8214983813229306
 -0.7732037675371268
 0.9656660926466352
 -1.050724417504922
 0.7105582192101149
 0.6905266304462451
 0.6657416535771026
 0.1953135757538225
 -0.6837426274630588
 0.1960867702871109
 -0.06954294297596517
 0.6308749494712707
 -0.1193775283678093
 -0.4175535256951018
 1.95076944364707
 0.1920870500278535
 -2.033970887585108
 -1.542583515640904
 0.1167915276084844
 -0.8883426212036207
 0.03876988816056787
 -0.297652647393915
 0.01855117258831393
 0.2919201619342154
 -0.3115609339808245
 1.565207992661737
 -1.293220907765366
 1.876092211005871
 0.2860526601407281
 -0.02877607201550714
 -0.2693080157910726
 -0.4717683183214703
 -0.8806770424407971
 -0.5895024616571939
 -0.7862290470387847
 -0.6096178559080798
 0.5752098813472312
 -0.3707016676275174
 -1.677169208557889
 -0.9367951272715451
 1.375045131931706
 1.423631100428658
 -0.09947283362667377
 -0.09164651296269954
 -1.118201943038752
 -1.019819758694898
 -1.737248898923076
 -0.632369471346793
 1.685379830172618
 -1.589462578821642
 -0.2533091642964493
 -0.2548371442532337
 0.2242032211887617
 0.3768641482332695
 0.4111012960143974
 -0.01364418660996848
 -1.430763596484627
 -0.7644182638710906
 -0.0817717398551215
 0.09896625620803941
 -0.08268562186476583
 0.0590653099689445
 0.06993993591570639
 -0.006800628327873637
 -0.04480361648385865
 0.03479630069556178
 0.02270656512617304
 -0.04533161040954283
 0.04126290156621725
 -0.05090018530003593
 0.05802128542569262
 -0.09927474109023583
 -0.007565392570666254
 -0.000571346608695576
 0.05269919483385102
 -0.03912530183173107
 -0.07124459051109032
 0.03624013475176451
 0.01748122189135991
 0.05380048651869419
 -0.03050613633745265
 -0.0007150378833412767
 0.03198491377425358
 -0.05030933543213419
 0.01925868945624807
 -0.02038776043097498
 0.1065421972406854
 0.07362170614777074
 -0.01358867096901994
 0.04272197285254094
 0.1040431904560273
 -0.05064740473987109
 -0.1125510580047276
 -0.1080981533620892
 -0.0397616050656193
 0.07086679806987788
 0.0008245902617140376
 -0.1082960396787164
 0.01276390238828998
 -0.01539196093140949
 0.07694113942230646
 -0.07016604702031957
 -0.08794000462103314
 -0.01701610975994359
 -0.0008297035960061519
 0.04321280430153029
 -0.07196439477590472
 0.08202796128171658
 0.06255017577880891
 -0.1587135110805977
 0.01501239259404682
 0.08033403967576731
 0.1216295544282041
 -0.1284312238854411
 0.1908208403389826
 -0.3174931937521202
 0.06711180692330236
 -0.1115943981163955
 0.09404340981115902
 0.05351213326863679
 0.04423820160340658
 0.364935484928755
 -0.09237643904628784
 -0.02649587632328455
 0.07167385470090569
 -0.2371025914819196
 0.02645197726198276
 -0.1882677506935977
 -0.08247962034035068
 -0.2953382089673913
 -0.2007059552232399
 -0.09067992077654199
 0.01678188994788126
 -0.1750742838758792
 -0.05920829338586311
 -0.1017113164197456
 -0.1602444061559212
 0.1073279312824908
 -0.09908166639006619
 -0.246582787790203
 -0.1015052580898564
 -0.1633981730004959
 -0.04311815661093641
 -0.003318583910349077
 -0.2011853196381228
 -0.1994207155482483
 0.03411457285347751
 -0.002613883514682904
 -0.3490121036033623
 -0.03379352380096736
 -0.1936135861199422
 0.1054064685043939
 -0.1857654284687563
 -0.2186650601021821
 -0.1037769559822595
 0.02752460926765947
 0.05274126894126573
 -0.299440702836708
 0.4028370980393907
 -0.3052124375189586
 -0.7136901678528218
 -0.361658255747878
 -0.175446186529485
 -0.01091142988776273
 0.780597944841937
 0.4695577802977115
 -0.08591179829258691
 -0.04328471262687376
 0.2148536572700813
 0.07946556341199119
 -0.1116593952498344
 -0.3801143436658909
 -0.4668239332625394
 -0.1114304737340015
 -0.9255677755612679
 -0.2662915061119194
 -0.3251140018869569
 -0.5197635249818066
 -0.434147926208735
 -0.2330468486073608
 -0.6496182307616712
 -0.08536100613978674
 0.4183973682050482
 -0.7215477025791215
 -0.01428335321469791
 0.3084920854408502
 -0.4388168265359187
 -0.06517435606853761
 0.3635059920896478
 -0.3681117468637012
 0.5807073890217118
 0.133914094741049
 0.1121751637761443
 0.1258249811961843
 0.1891546445741212
 -0.004848414866236595
 0.1781302332891741
 0.1826196541323662
 -0.2144224934201913
 -0.03448902284510606
 0.3639640571313664
 0.1985131119166005
 0.07804909886814521
 -0.6356592150784086
 -0.1740495749248177
 0.1201594400234885
 0.425254172689307
 0.4125846944040303
 0.1669280829355709
 -0.8556403796374462
 0.1089284402853833
 0.2900962350201733
 0.581129047974807
 -0.1261208400144975
 -0.5261908491228202
 0.2883596097248192
 -0.09937520344428467
 -1.057466134873439
 0.2098011326768636
 -0.1610265981761266
 -0.1912318418736808
 0.5063780099990065
 0.2369749625283939
 -0.1462910851946529
 0.3895667719399993
 -0.3060063400923554
 -0.1494268623830901
 -0.9839711721286588
 -0.508674454765646
 -0.5886018326928903
 -0.1090693622119292
 -0.1200864620924488
 0.8564108412900538
 -0.2863739900034439
 -0.1360211740200891
 -0.5895016505620327
 -0.7119946587176991
 -0.2815678628569271
 -0.458072682878139
 0.1114085465788783
 -0.5826269556202749
 0.1489045730824764
 -0.3644821346932729
 -0.08153267278292417
 -0.5973988031535636
 -0.2038333767399537
 -0.2198314429190301
 0.2340557178995369
 -1.242294164214753
 0.08821019037439212
 -0.07255352302693369
 0.1922132070913808
 -0.6640116656139488
 -0.8592127162236961
 -0.439801786639146
 -0.05550634675367352
 -0.05642543083178028
 -0.3320697473922178
 0.4244934427629412
 -0.3060716793738477
 0.1357345110146559
 -0.2718350295852482
 0.03726634005063752
 0.08636559004650836
 -0.9310613746617322
 0.994849559805484
 -0.02908909967342619
 -0.2719428984668567
 -0.4051937548742944
 -0.05261676204829591
 0.05027033287811372
 -1.468839222701031
 0.001187989022905665
 -0.1965836600889844
 -0.3110535925048957
 0.217659037565767
 0.1149701180459321
 -0.6712039532830641
 -0.6236374706672199
 0.3986263276699066
 0.1787731963342533
 0.2642348494633338
 0.2392857443605665
 -0.29807789164247
 0.1251649387585159
 -0.3726120765176912
 -0.32874864282703
 -0.1608261127400963
 0.05098208282191852
 1.048037103722619
 -0.6806376379368275
 0.3458613333258311
 -0.3907946788881259
 -0.1990540715312746
 -0.2852174475290741
 0.4215185226073979
 -0.3895429093273866
 -0.2407602583969035
 -0.3151166813122496
 -0.3344960007398802
 0.5385702702860631
 -0.8758311883947096
 -0.2813680728225774
 -0.4746049532762817
 -0.07730023700725654
 -0.6038411833557293
 -0.1612050959662149
 0.798785357948814
 -1.138701346056976
 -0.08765810411361055
 0.2081345719782809
 0.1069034660610808
 -0.2039771162216765
 0.0879759266915723
 -0.115627787327424
 -0.2003939481871386
 -0.03907196575428701
 -0.1901412841032007
 -0.5559157945477138
 0.03938016079581563
 0.01151444717672301
 -0.1542804754003723
 -0.02814380399109457
 -0.1566402673927072
 0.08117310873549685
 0.004835113755638959
 0.0005651261656910471
 -0.07308614196945065
 0.156568148505065
 0.09746243039098497
 0.2650336954024012
 -0.003975867715469998
 -0.02632561233832809
 0.09592322613294399
 -0.08259142552719996
 -0.2092836467242993
 0.1385650400987556
 -0.05274770014048102
 -0.2440903668842436
 -0.03921508914995017
 -0.2355810547937444
 -0.4046505337292116
 -0.1294864322599749
 0.02566553825053038
 -0.1205912096949035
 -0.1112274099569804
 0.1068013111184399
 -0.1503395365597713
 -0.08496233584459778
 -0.05181929588762346
 -0.1566352674306321
 -0.09101727488701614
 0.04234444318604858
 0.0430720642889485
 0.1922573685111744
 -0.2737912616176904
 -0.1815326760108174
 -0.1810272404211216
 -0.2468517736177519
 -0.05101954343650155
 0.1094120577225463
 -0.01708110433422134
 0.09998938566239522
 0.09043869999213458
 0.03079861071773262
 -0.08671221940749957
 0.082071898509948
 -0.05875575450024417
 0.1112832613349651
 -0.04139099539686511
 -0.1036305265832764
 -0.09901612526756638
 0.08987687683520762
 -0.002703248517808409
 0.04877197289040398
 0.05956314745509727
 -0.09453358858802555
 -0.105786617943217
 0.09234305122484696
 -0.01704072300293712
 -0.05677364610303055
 0.112805149099177
 0.0749744535297919
 -0.01595253073311336
 0.080871612083403
 0.02362710241784281
 -0.04689574374416942
 0.01057884878883341
 -0.02476810831368664
 -0.02338150333526368
 0.02371388399464941
 -0.04842227966362221
 -0.06996317595907789
 0.06617972431808405
 -0.07528054536109054
 -0.05723269901467675
 0.04792076860265408
 -0.07902244742177321
 -0.04735090322942945
 0.1013474170098871
 0.09059435617262322
 -0.01570962137733713
 0.06141931818218579
 0.006476694473867563
 0.03538511604575384
 -0.05792989686326896
 0.002247784091025105
 -0.1072297446993829
 0.07739447436900564
 -0.144190189545533
 1.939049661974163
 -1.623347880659301
 1.045730992620405
 -1.651750486528282
 -1.498722535144461
 -0.8979963249862819
 -0.08777153160318797
 1.572040351984084
 2.024549217018728
 -0.2556568047086281
 -0.4120459461070441
 -0.1309099158846653
 -0.1786281944849692
 -0.1968419664143503
 0.1058958886818515
 -1.573503669955673
 0.1753443413753102
 -0.2906490001553292
 -1.446152082138167
 -0.2567013574545794
 1.417743909467839
 0.09190112019327625
 0.08622213842958487
 1.056316972815567
 -0.4254154738256882
 0.5687771114712891
 0.3198030819298768
 0.09322649399252775
 0.8661101606844327
 -0.1386780967196237
 0.2489063506315675
 -1.360077078431373
 0.07740628681712684
 0.232874745958426
 0.007534931503021726
 -0.3612277844706008
 0.4027545884708967
 -0.263600230178002
 0.07746474767742337
 -0.3315530064943001
 0.5581635649285199
 1.558304180823482
 -2.049262159083478
 1.260081248402287
 -2.126083325666893
 -0.3496564649695212
 -0.2409975531619717
 0.3110832598688013
 0.7029166612839934
 0.1060721543463341
 -0.07878826036035247
 0.002769397850641089
 0.09219537081032998
 0.01139143169278905
 -0.09405471692525172
 -0.03041724017346104
 -0.02635243719487331
 0.1079160213497578
 -0.07491274644291743
 -0.04394681106303201
 -0.07006772053469909
 -0.04906329359713939
 -0.007963593316185768
 0.004238125198029327
 0.06935760494218005
 0.09560035345402133
 0.003592422630011893
 0.09874717780361285
 0.1065038663327878
 -0.04823378299239028
 -0.07883750570572923
 -0.06084320273758703
 0.07132485414267266
 0.05764801876734304
 -0.0245059769282773
 -0.06679127181864626
 0.1035375190511165
 0.02453649196065445
 -0.04106385683868655
 0.04598816626432683
 -0.01710117631954828
 -0.07697666674239088
 0.02896293017336931
 0.01259740346053802
 -0.01450089655832232
 0.0739786630045232
 0.004755676198240661
 0.05854709580999254
 -0.02304621865641675
 -0.001383121673066316
 0.0373222231213459
 0.09873586947627573
 0.06969961974390596
 0.05825539465316767
 0.02556299138758091
 0.008177680174135263
 -0.02636610620590469
 0.05261787126373482
 -0.04926020079676007
 -0.02245119033202866
 0.1240730471028042
 -0.1685419894501405
 -0.1319291560486197
 -0.2580864218507163
 0.0729254581456934
 -0.03411109568967199
 -0.3608058636693695
 0.04718201360238392
 -0.0218631480624449
 -0.2129340597804464
 0.05180600059109803
 -0.2920052557335145
 -0.04400850415870652
 -0.02380715937446758
 -0.1377538993589237
 0.02295716080370894
 -0.1242420183042716
 0.1728856761937042
 -0.2748325061378565
 -0.02850048594708843
 0.04504061931089324
 0.03731342361291228
 -0.111771489744018
 0.05220764008765787
 -0.2207002695557819
 0.0633444284911187
 0.1482077958340999
 -0.1475997177433238
 -0.08846493993837845
 -0.03038362418751223
 0.1056407089814364
 -0.01713338514809808
 -0.1194975354021691
 -0.0546023724961217
 -0.1620961569319706
 -0.1312656882194119
 -0.2674817748168173
 -0.1483893599960508
 0.2164436034044827
 -0.2631454024722595
 0.2430235641019466
 -0.05419778392886167
 -0.1708100490844016
 0.1606492711639679
 -0.1454741180237279
 -0.21930393396344
 -0.2163008436697357
 -0.06855194173631025
 -0.2258754220634251
 0.2092519570687125
 -0.216445883032317
 -0.2104496837142089
 -0.307723267856358
 -0.2389988477416543
 0.3492328209712391
 -0.04339366356733253
 -0.2866653367100966
 0.186549005764519
 0.02167629259928462
 -0.1590337196239541
 -0.04662947844060839
 -0.3560141655344486
 -0.01721536636673369
 0.188615169219048
 -0.2378847284864357
 -0.01579234666910393
 -0.2060002617174319
 0.381337851546816
 -0.04103717593665942
 -0.0240587740304237
 -0.2413649642031226
 -0.1034448456319987
 -0.1308211548988148
 -0.008286286062003309
 -0.04572544733839959
 0.413002872510626
 0.271979234343533
 -0.1472501970272913
 0.1716063793788724
 -0.1903109008507791
 0.4192373403099953
 -0.01795735362731432
 -0.0174109225531062
 -0.031406739154113
 0.128650935487423
 -0.2460490409673476
 -0.1084751141120401
 -0.1102391815957852
 0.3642531577786025
 -0.2831672304519595
 0.1824476805547359
 0.01002940426928988
 0.03518116858559536
 0.2125401077486403
 -0.0238738882552902
 0.01193207501258685
 -0.0766997951707527
 -0.08674917880985546
 -0.03725482709867761
 -0.1085803003886072
 0.1609051311197413
 -0.2384536554166616
 -0.04268334821781129
 -0.2508716712029739
 0.2130634890849168
 0.1514849614871992
 -0.3613497371281422
 0.01799673726669439
 0.1594653801930236
 -0.08110245111023483
 0.03126962588875921
 -0.4611952820072184
 -0.2201531658893958
 -0.1216430144775274
 -0.6176750666277747
 0.08457567974911111
 -0.3194833246820348
 0.02313172208330563
 -0.3653245942975206
 0.04680576884183072
 0.05148671895463763
 -0.01161443418671214
 -0.1506769972343984
 -0.1869511640168139
 -0.2192397327741906
 -0.04934572985993876
 0.04054899036634631
 -0.2087867555011282
 -0.00452469803826269
 -0.1561180989742921
 0.1953282298091606
 0.04793350472591907
 -0.00487182674252626
 -0.01570864994630971
 -0.2005085828982323
 -0.04374807375262376
 -0.1976714670663455
 -0.1338548742922306
 0.3006068480917635
 -0.3450039851844448
 0.3646633351615488
 0.06228805140252046
 -0.08962142529856455
 -0.0006701036190978462
 -0.14098078623579
 -0.08906615293915916
 -0.1836535502715531
 0.2049984365007683
 -0.1270889595330211
 -1.829621966724555
 0.3024644051763644
 0.765726546636579
 1.268662393925408
 -0.004424876554240698
 -0.0002757694829153684
 1.090852804633974
 -0.5749786687897528
 -2.53077972967069
 0.2325360214527286
 -0.1681238033117406
 -0.2536960048088956
 1.180631227201645
 0.4703531082978229
 -0.2584366250509257
 0.6155288542457759
 0.1004386901711346
 -0.5247926668493138
 -1.678000931121747
 -0.7375135363761943
 -0.8744267710746607
 -0.1471315099115266
 -0.05286998292720237
 1.630637849466404
 -0.9754849284655381
 -0.2604728535864147
 -1.630829804847929
 -1.482577117084702
 -0.4746335793745664
 -1.392336373347087
 0.2607853683915322
 -0.8923146730516757
 0.8606536246276217
 -0.5326249717099889
 -0.2581658051245995
 -1.26103028126118
 -0.1585973390678038
 -0.4934209800045579
 0.05070444846938688
 -2.011925167153456
 -0.1984562475723595
 -0.1124639351277204
 0.274335158442543
 -0.6280635132493129
 -1.972795353625703
 -0.355801121616889
 -0.09176871422155558
 -0.2117346439979111
 -0.4132975709711313
 0.5809465051945102
 0.2461335636532926
 -0.08101757036963943
 -0.2307897635880514
 -0.3038659624797165
 -0.2454122195368005
 0.1137332175006975
 -0.05239880788620497
 -0.320899782786422
 0.1588608300295407
 0.02079288426911836
 -0.2211619840692694
 -0.06890849403683245
 -0.4406062474061703
 0.02329279432092779
 0.09133490474730593
 -0.1648467642187632
 0.00337144292462015
 -0.06462808632019811
 0.3347504682421245
 -0.1153076349733832
 0.06133646093290207
 -0.009089001273272335
 -0.09144351323315628
 -0.172968035420004
 0.1098611425254544
 -0.158709095167624
 0.2658088523729655
 0.2483516980373592
 -0.2272438650046969
 0.1018397570974394
 -0.151913506045155
 0.1981776317875839
 0.02446554228374243
 -0.1698022228642764
 0.02001159387577704
 0.05155639165877527
 -0.2261631443046026
 -0.2263706034248276
 -0.1844330633548224
 0.334035822486882
 -0.2878459662294414
 0.09009135740122969
 -0.1618509578815244
 0.01852429685713182
 0.2338571579700433
 -0.04567569231636519
 -0.1754179341084222
 -0.1853360728232382
 -0.01668004885666263
 -0.2580608485475845
 -0.0009240422994037361
 0.3665849263097582
 -0.034592455731404
 -0.01710475077353798
 -0.1003585105489701
 -0.1507389902564309
 -0.1307542279087954
 -0.2441031366753418
 0.1169265694721864
 -0.2990113309811774
 -0.1646293130078485
 -0.04429665574046153
 -0.4147026923302702
 0.04687192048703822
 -0.03164995564011391
 -0.03251173811373619
 0.2267164629629776
 0.007953422202549278
 0.102141282457572
 -0.1559077669050999
 0.3393138770046684
 0.2296909682907443
 0.09561226545407681
 -0.5511840760949903
 0.1930285121828658
 -0.099706189185448
 -0.2127550825587405
 0.1833704313503747
 -0.08807324755363043
 -0.1748915060656026
 0.1097219797233417
 0.03067360037115701
 -0.1104515133478639
 -0.08930874050979522
 -0.0146018860201047
 -0.1291614447586314
 0.04187027346484978
 -0.1581254855864356
 0.007433408574939728
 0.3427067927313468
 -0.2009143463777031
 0.06226248601355409
 -0.3107238342095719
 0.01282267653354744
 0.2424976379153075
 -0.03695174479328635
 -0.1582666196228492
 -0.4078218517641515
 0.2113340409801622
 -0.2277865394380498
 -0.09026250627235684
 0.05647757585501968
 -0.12577019105592
 0.1739551031591043
 -0.2676801281535121
 0.18590114466249
 0.07105480090740614
 -0.4139265643467272
 -0.03147016384464363
 0.2016170021291459
 -0.1807370513321746
 -0.03100432649152433
 -0.1918051734159584
 -0.04150679625112852
 0.01550835591767032
 -0.2043883862827863
 0.03324154261583952
 -0.345203156734539
 0.02245873796467491
 -0.2979653912912644
 -0.1543460985025912
 -0.04389167837676016
 -0.1802583587637229
 -0.1148911521659308
 -0.07016479612171875
 -0.2584942719135515
 -0.01093912825731206
 -0.04456359726164563
 -0.1405670288868477
 -0.02586690396083956
 -0.1634644468672505
 0.197018200200092
 0.1084351141592169
 0.0009370513024499447
 -0.07008536362140125
 -0.1907691644415583
 -0.2033067812138772
 -0.3186503940921579
 -0.09708671819639915
 0.1449017028586188
 -0.3133965259893893
 0.05408995444192317
 0.005827137568379308
 -0.1303352995905005
 0.02584775935437591
 -0.2336755216746784
 -0.07313993248004656
 -0.1173215533059707
 0.1047810212620548
 -0.04559280318369741
 -0.3213215090096335
 0.8609209142174181
 -1.227996876507643
 0.5902583112336154
 -1.162841690810839
 -1.025052975677285
 -0.4988274420527596
 -0.2306052613745753
 0.6058351600133749
 1.294100903825986
 -0.3094165147553646
 -0.3810072926712069
 -0.2598464039927591
 -0.1948715657231594
 -0.1429274478542346
 0.01572092542246252
 -0.9835906106789603
 -0.09520659067286158
 -0.3105562498859609
 -1.11447240486469
 -0.4651640982112357
 0.2764471530126635
 -0.001444545363518574
 -0.006335099520055017
 0.2647101590875822
 -0.3407122022664371
 -0.04044439226645798
 -0.1290686256968239
 0.1423912589205756
 0.08312671918884612
 -0.2693384783924866
 -0.03744695557188705
 -0.8066331102913994
 -0.02988928128441594
 -0.04064798657479681
 -0.2113269028041544
 -0.2821212168639216
 0.1746423162841332
 -0.1289224303548389
 -0.06178394928077836
 -0.2642487732080146
 0.00209658830383324
 0.7611569716383262
 -1.444634151855545
 0.467662636802995
 -1.530390083812414
 -0.1211168799548866
 -0.2735521692544624
 -0.06678599823586738
 0.5199516420936079
 -2.735630753260749
 -1.853077160147522
 0.6949171165021061
 -0.210387456122574
 -1.807805480540309
 -0.2499750312647779
 -0.3144366873687466
 -0.9885613254616816
 -0.270972167265444
 -0.08561666965592503
 -0.485174017049022
 -0.99392787016866
 -0.5584288936005999
 0.7595582439679859
 -1.089972739689461
 -0.6186673454702336
 -0.6301831063409274
 0.230326954642131
 -0.7794413478082786
 -0.2362630325363632
 0.9703182413762065
 0.3039546237050417
 1.015758806982767
 0.7328350834301081
 -0.658201506366124
 0.01659371074562658
 -1.601638558845312
 -0.2820133687425352
 -0.3648740203800058
 -0.2198636443590243
 -0.121601512332151
 -1.923347592449574
 0.1952008979981359
 -0.5425327461165941
 -0.3165446046843689
 1.409994618595978
 -0.5034757359510174
 -0.2216007385961672
 0.8504627527959165
 0.2850665628246192
 -0.3286644686144447
 1.11987078099353
 0.07836221435260585
 -0.1449180658990024
 -1.032882986609271
 0.7609078007428848
 -0.4157244729191411
 -0.3344357227703263
 -0.4935620242092545
 -1.634161412958049
 -0.5326996440354356
 -0.4891614040700759
 -0.4290495175636024
 0.8766023148666915
 -1.691342335474709
 -0.2734403827574305
 -0.9898169342550706
 -1.391497972430311
 -0.7453316388355027
 0.1387622964228064
 -0.04691872284375737
 -0.1781178039357707
 2.090289970885475
 -0.2817091386792485
 -0.07843841574208971
 1.108207796609413
 -0.4578819963085722
 -1.555267576638909
 -0.2105714263410589
 0.3285035013620922
 0.07014313527831742
 0.4137435521527142
 1.933929467964683
 -0.1355076646261475
 -0.5267785273465773
 -0.2694472390247387
 -0.415985383749397
 -0.3975622038547293
 -0.3280147967560166
 -0.3775117542480459
 -1.265925151556939
 0.76614215289069
 -0.4927983241000978
 -1.055565179843694
 -1.043789897539645
 2.144771655946111
 -1.234633680330365
 -0.720522167574121
 -0.7218075769209595
 -1.833467229577151
 -0.9979422978088691
 -0.2008638198854302
 0.4036166719099233
 -0.03591958396338196
 1.164599136145679
 1.167528801840059
 0.521359375929053
 -0.1490206888580073
 -1.810068595874848
 0.7793496162305621
 -0.1427093746026004
 -0.2393974422241291
 -0.41891659063573
 -0.4635782291326037
 -0.08727244980351596
 -0.2832078758753933
 -0.1560633967565527
 -0.4594992261405573
 0.01653613670740814
 -0.2706659375593023
 -0.1346271094530803
 -0.3412032037513776
 -0.2980028093042283
 -0.288829128059869
 -0.334802538260307
 -0.1217065832182469
 0.2305344240180087
 0.3237388470645996
 -0.3097538312521552
 -0.96569397792543
 0.2465548648418841
 -1.124825298163989
 1.59252357142126
 -0.2266290167569911
 -0.3200319614540894
 -0.1738363810514467
 -0.237687366034816
 -0.2550106796817017
 0.1316531042896517
 0.2064745038670593
 -0.5618562137597398
 0.124049938594657
 -0.2595099824004912
 -0.0233492063995942
 0.04700721058392349
 -0.2366794442386812
 -0.2452113087207332
 -0.2933673055840799
 -0.1521795921319172
 0.01225786025577428
 -0.1250399140175789
 -0.09435632494519625
 -0.1033211698274305
 0.2798360981884498
 0.02378817771745473
 -0.1582367830941641
 -0.1140243870236687
 0.8286437575907925
 -0.4850215325523291
 0.4225134016063432
 -0.5397830061451437
 -0.03736117732430399
 -0.2584340043062857
 -1.140200770408053
 -0.1943255745337185
 0.09136090399309289
 -0.4121302856218259
 -0.978470832189964
 -0.550294154314413
 -0.5241296104295142
 -0.310406599254718
 1.966357258739687
 1.007877823029446
 -0.3698441778146002
 -0.2069697052311435
 -0.05899241996022197
 -0.05700428241914722
 -0.3817386194654819
 -0.5165862207352123
 -0.2373708229328232
 -0.9368616492480466
 -1.646120716530487
 -0.3388062150177144
 -1.070442730356767
 -0.4434687721630154
 1.200315484083504
 -0.7725668067310334
 -0.6977520902598559
 -0.3697789963780176
 1.374910680007252
 0.1782225453987811
 -0.3624261565347922
 -1.273561132032258
 -0.4091870135827885
 -0.8000261579241826
 -0.6423550936690495
 -0.8876778546297144
 -0.5976866664260178
 1.250003148527441
 0.05990330141695474
 -0.3487061563887702
 0.001629946691565625
 -0.5785985793481617
 0.08422411922016791
 -0.9231074586717688
 -0.7812702216758821
 -0.2662720001088595
 0.1175549407804961
 -0.3360945678647638
 -0.2215740005007613
 0.539733588420284
 0.1177762776597327
 0.7453584571982171
 0.1461210535890969
 -0.8192149307690563
 -0.04452000869307483
 -1.216764657642158
 0.2689068517024883
 -0.1434555097663797
 0.204182913336847
 -0.1087258777980376
 -0.06981256469774143
 -0.2177703781965927
 -0.1877110993011102
 -0.03145722407637259
 -0.4110303209120194
 0.4097495625239654
 -0.1270095862423348
 0.6029348460335362
 -0.03454919651800146
 -1.604037880559751
 0.8352345410528764
 0.5113823765895423
 0.3556549483443724
 -0.9109312864500676
 0.1111805622377207
 -0.2084683638071366
 -0.3307940045297779
 0.1119393114900211
 1.003866598416987
 -0.2213258596509443
 -0.7508293691169488
 -0.272836098208311
 -1.044442801266708
 0.7829547083712645
 -0.1881036108258287
 -0.2142928483083221
 -0.2639795188736349
 -0.4788409113073707
 -0.3811582444082144
 -0.2909625224463284
 -0.21896673382008
 -0.2647627681468165
 0.3111456479040544
 -0.413573168536079
 -0.9994190807350612
 -0.7531372455599993
 0.906192623548982
 -0.7858472753724565
 -0.08352071348642895
 -0.3149301863031105
 -0.7073333262531705
 -0.6595565443942704
 -0.3748303702577314
 -0.6475855328726693
 -0.4161144886922273
 1.042461950124644
 -0.6981384979489829
 -0.8136752435878387
 -0.2493359383422966
 0.1670080626896092
 0.3693482112857008
 -0.2118935164080612
 -0.3268244659000705
 -0.1682674721979222
 0.2390123659994638
 -0.05676654339270062
 -0.309959609363438
 -0.3615473523489936
 -0.331872428169954
 1.129285875985672
 -0.1578432275132826
 -0.5023684674838295
 -0.7644355305642946
 0.6853534917873477
 -0.7500396112572252
 -0.1030262985366284
 -0.4685212086394132
 -1.630302098237156
 0.6505170111276871
 -0.3437158199817366
 0.7379178376537107
 0.05934576868773135
 -0.7404492783878889
 -0.6595086858087238
 -0.2866167452297029
 -0.05196436897282229
 -0.5967253773536965
 -1.486413486176296
 -0.3088170367247749
 -0.5813272994368508
 -1.000266369660843
 0.8851654400710895
 0.04163701220089677
 -0.06184767200104157
 -0.2033952282393548
 0.5080228274262508
 -1.208407143370364
 -0.1874538701035304
 0.4307038492411826
 -0.3144049832981415
 -1.476892463978126
 -0.04816534912855623
 0.1773390300206753
 -0.209388746967123
 1.521675001466538
 0.1465727483194368
 -0.1256221739107666
 -0.4594797482034614
 -0.4728521084644869
 0.2705595388819486
 0.01128509043192645
 -0.2303036756516874
 -0.346842889677106
 -0.07232677473482403
 -0.0367844860261175
 -0.03951333575446521
 -0.1981636301992761
 -0.3077704938343874
 0.1414767208437383
 0.08713855961746216
 -0.1552381283631908
 -0.04805195913304224
 -0.2306413328369872
 1.101516578245526
 -0.3520577649930005
 -0.8536392326365934
 -0.6920601052367424
 0.2827946896214001
 -0.7383663216921702
 -0.2982588605164477
 -0.5121140343736122
 -0.5446926786894956
 1.038416076804059
 -0.155138875145246
 0.1687077740517085
 -0.4016268222743414
 -0.4630986790126839
 -0.4604413007820078
 -0.2056245126901083
 -0.275416820495941
 -0.3833357240678199
 1.511688728971215
 -0.2539620167106721
 -0.5747560752759918
 -0.3969206811523872
 0.09653406693331393
 0.06518345763047256
 -0.2859680637116839
 -0.1712753674884235
 -1.354194160181674
 0.5256710854205051
 -0.1246780784238941
 -0.1932227289058873
 -0.1847871882603914
 -0.517977057870208
 0.2054143136305418
 -0.04193750195639102
 -0.2695380315501165
 -0.2873261412934162
 -1.702183791966527
 -0.3032932342712338
 -0.6385242277312694
 -0.9245679633474012
 1.727638570095028
 -0.9992803245634267
 -0.7828121046118786
 -0.4120912639228193
 1.049925165081294
 1.575644829643121
 -0.1680406005232974
 -0.5917445777380201
 -0.1248886640099925
 -0.6316319641887762
 -0.03518669894740145
 -0.2344508219354879
 -0.3098407782131236
 -0.7606384290224347
 -0.2062314116853546
 -0.2788340573941645
 0.5594073199777057
 -0.5885128360123153
 0.2179399786382483
 -0.3114133755119106
 0.03068182805667101
 0.09076146748018749
 -0.6664205680953411
 -0.4142989859852524
 -0.1629786591240456
 -0.08942490383733594
 -0.2301578913313692
 0.760297722057468
 1.292735008393665
 0.06003774637757234
 0.03178947523878364
 -1.427025061429297
 0.2520318023802792
 -0.2533724067926347
 -0.935523706658266
 -1.110809608913166
 -1.220683304609398
 -1.004757485874318
 -0.7313385590730593
 -0.5714988034254449
 1.653286203089697
 -0.7551869678236247
 -0.2445878284921049
 -0.7733509664077732
 -0.2057719441625653
 2.083713566603866
 -0.7161721163847384
 -0.9363018004334974
 -0.4332941234733926
 -0.4850512194622669
 0.1458010639531848
 -0.2859995441901808
 -0.7390167443783734
 -0.8011290758500059
 -1.551528443616401
 -0.9249757101610561
 -0.8535893375351904
 -0.2933873091390033
 1.762212682789946
 -0.4142147385689575
 -0.436221427614701
 -0.4913564999775746
 -0.5685806686520775
 -0.3948912733029413
 0.3183940213958674
 -0.0681662909122794
 -0.4473974224829237
 -0.002222523349303879
 1.224132475332117
 -0.1395710518305986
 -0.4579432176977126
 -0.5336765730933174
 -0.5584791929398366
 -0.08884852759630486
 0.08196136863773368
 -0.2228305558337466
 -0.7857545499093584
 0.3889236890672073
 -0.1629331405366243
 0.6086524642658849
 -0.7388408757535888
 0.07757129918666129
 -0.6806540331598039
 -0.1261354751282056
 -0.3555561529248917
 -0.7656537359385258
 -0.07986044284559692
 -0.2029426064784721
 -0.6402474469844773
 0.0080138750059092
 0.01025211004774405
 1.343651765397838
 0.2618800681660701
 -0.2527294817395493
 -0.6750846349558559


