# Created by Octave 3.6.4, Fri Dec 19 20:48:04 2014 EET <ilij@hp>
# name: nn_lsizes
# type: matrix
# rows: 1
# columns: 3
 45 60 9


# name: nn_params
# type: matrix
# rows: 3309
# columns: 1
 0.2570278651005461
 0.4408833079606534
 -1.896272843033901
 6.181543710486022
 -1.182923327117577
 -0.4401569831252723
 0.2542576261550428
 -1.01357753340668
 1.595418918722214
 0.5412251713081799
 0.3617755927113272
 -1.428462815017568
 0.7677603264396893
 -2.0534512122868
 -0.5772047265353922
 0.5382415110410258
 -0.3449707050542966
 -2.005717282145318
 1.067255206632771
 0.1075658777780426
 -0.5083903886073287
 -0.4300957736732077
 4.044315518377353
 1.12283044375838
 -2.005716812615824
 -0.7646149156620212
 0.5083877665686861
 -0.6212934020198589
 0.06431223754102626
 0.09413859474897683
 1.992807629632722
 0.3406309471961634
 1.806791843258367
 2.72461357805566
 0.748915779160925
 0.5456291385982479
 -0.5178933918814482
 -1.903195805220522
 -0.6623834807768442
 -0.3301079905231273
 0.9240873340924105
 -0.06815472980809879
 1.182975430980868
 -0.4214923583086959
 -0.7522002758902576
 0.3862104914289254
 -0.0602775351371112
 0.4707886567460247
 -0.6695827864126777
 0.9965979385514888
 0.2106478730306151
 -1.820740805095495
 -0.2105730526530532
 -1.590069186366499
 0.8917623267682002
 -0.4214923617131985
 -0.662383480777424
 3.63843803318167
 -1.903195805200108
 0.3333247065177101
 -0.7024482707533192
 0.6594906301594867
 2.546021634706666
 1.085109522488507
 -0.1545265182568523
 -0.6593596664713262
 0.5305256393666763
 -0.681062682372669
 -0.901256091571525
 0.350128161188557
 0.4903083743485712
 0.4811984170320589
 -1.353654472909674
 -0.2860505145654272
 -0.4938570635495242
 0.5131656242742469
 0.4530877293697667
 0.006144302475611601
 0.3213785475844385
 -0.6624239760216758
 0.7884395695097147
 0.9892261645030328
 0.8593056949190686
 0.2567276663487159
 0.00614477321331308
 1.368667983831841
 -0.788432679965099
 -0.232395559325529
 -0.66572607419026
 -0.769504719032357
 0.0737690893853558
 0.4745077182051839
 2.90588528305008
 0.5422396257645111
 -1.021933551388186
 0.6949664941114261
 1.040871968922116
 -0.3037234704367254
 -0.3868230201545561
 -0.490063755686902
 -1.150639033872727
 -0.5369359789319897
 0.154408726357966
 -0.342171027120255
 -0.7747425395839059
 0.4737169298833275
 -0.5817713470885988
 0.4171382613676761
 -0.2469904177376102
 0.3358525654130056
 0.5846164918896335
 -0.2850173919675755
 -0.5728507493845714
 0.6557493779898256
 0.177241348903685
 -0.3421710175931261
 -0.3868230201542091
 -1.873684521700125
 -0.3037234697689409
 0.4110079859206311
 0.4221529788775736
 0.1827675936408358
 -0.3253627551842313
 1.118562048714117
 1.137568660713815
 -0.1835538618436723
 0.4366150667775064
 -0.8873943071004897
 -0.4642808682263124
 0.3739083204068602
 -0.6319885372917367
 0.5592689106551716
 0.3863922197519826
 2.257588785354444
 -0.5395501353510676
 -0.8647250114638932
 -2.028590725284031
 -0.7119198302992368
 0.2677261509780939
 0.6491359855153122
 -0.3852581373989593
 0.7421888105379291
 -1.577696313456695
 -0.9924166389921186
 -0.7119205237030665
 -0.3546749865584659
 0.3852984724542873
 0.7015986675652944
 0.516216761733294
 0.5317894419181797
 0.8530834426878907
 -0.488051874614965
 -0.1501106918170947
 0.9786476899572478
 -1.009908508939775
 0.2130664460103905
 0.4662407936507887
 -0.3642658328153694
 -0.2820609229807406
 -0.5193940669814452
 0.09507781005510255
 -0.4795590647960036
 -1.137571546022422
 -0.4110891296753662
 0.3238699102969202
 0.4781498054495708
 0.3829515811423779
 0.3008699072301513
 -0.4824514124824845
 0.3439525734501488
 -0.6318411354062662
 -0.2525075630877829
 0.5919827445354414
 0.2701345724506219
 -0.9859428609741061
 -0.4110891263944822
 -0.2820609229816003
 0.8521054086598649
 -0.3642658330193144
 -0.6036945146031837
 0.7597882658692262
 -0.6639419326701452
 -0.2997135385218626
 1.024010601272006
 0.0943627517103585
 0.6633690068346596
 -0.8907635267181112
 -0.4224555413448308
 -1.755008573079079
 0.6011024905886506
 0.2676927484459999
 0.8747575637434144
 -0.9517582821069026
 -0.2358987587732327
 -0.2344869016621061
 0.5063479108276101
 0.3804081297679937
 -0.3284453408473414
 0.5252566037726255
 -0.502857829131481
 -0.6300263560668214
 -0.4569214961242091
 1.099362400532469
 0.05341686376795104
 -0.3284454329831288
 -0.447936723161493
 0.6300947977660672
 1.598888863931399
 0.7859061352484686
 0.7019742433753273
 0.4602403431052963
 0.4944237064041946
 -0.7873535764247167
 0.1941296724440947
 0.4474161609627688
 0.689125076654824
 -0.3602764145356138
 -0.3249457251677472
 -0.4601597161834887
 -0.4743487098937137
 -0.06012011323135345
 -0.7877893410352061
 -0.09448319639460358
 0.6581251084328781
 -0.4517981675322895
 -0.745584168478962
 -0.492994560087856
 -0.699708185985553
 -0.8140247796367425
 -1.32763113256142
 -0.8282552470483934
 2.352924120678229
 -0.5885546634060053
 0.05059144808030937
 0.1232872381700447
 0.6581251054059264
 -0.4601597161844505
 1.071610418697632
 -0.3249457260080821
 0.4092770472378913
 0.1960603189220953
 0.1739454623059404
 0.005221016812192025
 -2.183526343349112
 -0.2870603346656054
 -0.1710046662560058
 0.4608783305711805
 1.948223382694372
 0.1698292470999583
 -0.5637881076515414
 0.384701112546098
 0.4496580942535547
 0.03624733694041028
 -0.785443812639504
 0.6089666559507206
 -0.4544575425499245
 -0.0481562713848542
 2.122820802854962
 0.3111562547218929
 0.09527717453537517
 -0.227798695147811
 0.4723852273692229
 0.8362529620553578
 -1.037478104382812
 2.122820792153979
 -0.2382949484339047
 0.2278759313651779
 -0.35968270849574
 -0.468065693049429
 0.3882401625367562
 -2.244182297961749
 -0.222391561226636
 0.2883690566765307
 -1.078969817701269
 0.2978084836231642
 0.01079491985602925
 0.04392164707855566
 -0.4146706849035591
 -0.3762000659442367
 -0.2597018258324676
 0.4468596584279994
 0.4271924250186682
 0.2871758344878999
 0.5780317637462565
 1.190070515139943
 0.2507007686393536
 0.4526235347061372
 -0.5993282742626707
 -0.2626792596066625
 0.3707743407134154
 -0.5091891939239396
 -0.5263234452235666
 0.3898078635797479
 0.4130252163100791
 0.5010897681753989
 0.5780317481431022
 -0.3762000659449155
 0.7597470553037893
 -0.4146706852231342
 -0.387802580482026
 0.6536669483586588
 0.3629428096844395
 -0.3830177223372871
 -1.577385349162726
 -0.1784271335543375
 -0.362848864325234
 -0.8256743537277458
 -1.071779869243639
 0.321311074040503
 0.5567272780579607
 -0.7946289882111464
 -3.105311122722563
 0.5484957956626724
 -0.3052861820598085
 -0.1534789007568544
 0.5004636951698783
 0.889965574108681
 0.1610884290311702
 0.1123632784875034
 0.7157669379112539
 -0.9083306102522806
 -0.4064920586693514
 -0.5337315694384355
 0.09991646772937558
 0.161088884229452
 1.020631402697526
 0.9084062098790464
 -0.1325028775607715
 0.7455679863299053
 -0.2762686943384027
 -0.1391239037158221
 -1.190596311529569
 0.1290034624254298
 -0.1744943332283172
 0.4155651088300903
 0.07257360815429209
 -0.8032525194370544
 -0.385787061590337
 1.040054332122917
 0.8941967878797498
 -0.1500948883321643
 0.7806815024282213
 0.1784656120078524
 -0.2570771292878941
 -0.7397924542358694
 0.5603073410335865
 -0.7106891100572315
 0.3303513882517978
 -0.3143548974668849
 0.782202902355626
 0.556929267009511
 -0.3101361609678971
 -0.5966075315031256
 -2.899313791516482
 0.3391320653149789
 -0.2570771310215509
 1.040054332124565
 -1.424166738882803
 -0.3857870622813067
 0.6069838794107516
 -0.3697680915105354
 0.4303520249826319
 -0.4249975531714877
 -2.419829668316675
 1.004796935508159
 -0.4303676398871206
 0.4018815146721056
 2.881788669325907
 1.081014074274532
 0.3027688169842709
 0.414118995191449
 0.3942126602693385
 0.1293587103181642
 -0.8293803039335734
 -0.5152511768027077
 0.6344600274392115
 0.3384198888838853
 -0.1247076755599694
 -0.6200510109759151
 -0.5535373403959015
 -0.4309130086272073
 -0.5415967134113234
 1.070578857140178
 0.3305837526788376
 -0.1247080356782935
 -0.3388560057712049
 0.4308718652080125
 0.3871787408250801
 -0.5207559730834393
 0.4429423739708749
 -0.6215252901476023
 0.5032861233540912
 0.4591301991938599
 -2.255536429895839
 0.6097406244104672
 -0.5303167783143165
 -0.5408303862482305
 -0.334693518000293
 -0.2994967803539293
 0.5902607201228511
 0.2979351428449823
 -0.608050584190907
 -1.004743805907984
 -0.07082692020863537
 -0.1080545650527578
 -0.6915895445593467
 0.420279824098652
 0.2788867412668859
 0.3999581511719626
 0.3230129382954484
 0.4546520131140911
 -0.128772791050941
 0.211144403433321
 0.05287568338267904
 0.3663108056821369
 -0.07082691926436539
 -0.299496780354271
 0.9003638395124069
 -0.3346935169912841
 0.5069894553065079
 -0.9120876966204264
 0.264336301404475
 -0.2408522645180013
 0.9766171878331545
 -0.9279611452509778
 -0.2648774836788266
 -0.9429738410646138
 -0.8602053338899021
 -0.8020926046533488
 -1.153756603945971
 0.6636916878716824
 0.06975399251089025
 0.2999679656084858
 -0.732414334034845
 1.520715622597651
 -0.8657237511570128
 0.9589928993007212
 0.05149338468221004
 0.2442219321280533
 -0.7487985912920805
 1.073796075775125
 -0.5156437283093844
 0.4757226844239031
 0.4724222531033666
 0.05149376004088634
 -0.4093970490018954
 -1.073887339736428
 -1.189213282106228
 0.573782347108367
 -0.6060609362696349
 0.05088376369990141
 0.6044813987132437
 -0.9265263480202878
 0.8271264353494666
 0.4093866025967787
 0.5337236690493489
 0.9384909342324046
 -0.1243600268439112
 1.255993554868444
 0.9068228118249433
 0.1454361814810031
 0.8603978545133337
 0.9280850687631005
 -0.3322059549340554
 0.04418414255874336
 -0.9259243561073984
 0.554823013006544
 0.1488080575541803
 1.188464732011065
 -1.536585365496132
 -0.6585901030885446
 -0.1146985623036759
 0.6887440488577442
 0.9367119495197684
 0.5158730152081509
 -0.3322059568715574
 1.255993554869212
 0.6790779158466742
 -0.1243600269129126
 -0.7353178368955882
 -0.5935531618526699
 -0.741322295112111
 -0.4412941526742846
 1.051819473343205
 -0.4344934857024256
 0.7405184534743608
 0.3628467529099727
 -0.5140446874957075
 0.6294431976170718
 0.1684152543989937
 0.2461951841225654
 0.191233322574451
 0.3702359144626112
 1.229689275240189
 0.4312754883744171
 -0.6462408688306394
 -1.64042468824228
 -0.6245582226156007
 -1.290510159153156
 0.4149288382753237
 -0.1493005632370261
 0.4299662965920035
 -2.672143314726358
 0.3867228238883422
 -0.624558726808478
 -0.2843907707868293
 0.1491750460535264
 -0.316555203277449
 -0.4486643120442825
 0.3423446097280367
 0.8240928160415696
 -0.7115825754430651
 -0.9153034940646321
 0.6665321068527916
 -0.6216751832405115
 -0.6211807283632271
 -0.2275930310422536
 -0.1947384711840224
 -0.1253236144177837
 -0.2613584856313638
 0.1201615805594366
 0.7482194382014723
 0.4343277273081777
 -0.5250051047999654
 1.473635384123368
 0.3101639116755753
 -0.4473522769818972
 -0.7045435958585943
 0.8322272730506586
 0.3942345345385631
 0.4294576118471918
 -0.5264941215224802
 0.553469648934507
 0.3621680036954972
 0.1335521309327389
 -0.5250050972976301
 -0.1253236144179415
 0.9300857080104643
 -0.1947384709142811
 0.2987842066388792
 0.5461896815223288
 -0.6685639819247543
 -0.4360046255237155
 0.9246224291675603
 -0.254257777602287
 0.6681282108729822
 0.4666651541952327
 -0.3930719772818778
 1.721039549375692
 -0.6355067218030547
 -1.040091713620256
 0.08522860160919531
 0.5347155146388883
 -0.3128038572141435
 -0.6243341496427429
 0.6767087073236125
 0.6962984380747947
 -0.5519150567385456
 0.1284579981422955
 0.5925086757195019
 0.8693920519825787
 -0.713112154269064
 0.4423516221157699
 0.430103893081782
 -0.5519146792154976
 -0.3157493959483291
 -0.8694031100270625
 -0.4573173719193033
 -0.5182610392450542
 -0.7554560155788923
 0.7427587292184561
 0.5359248464365965
 -1.003092225515466
 0.3003278040582792
 0.4736017906636125
 -1.062751258756946
 -0.5575718689052866
 2.447185476365977
 -0.365983481903417
 -0.3864136444007897
 0.2553811042509763
 -0.4041560532654933
 0.2543348961247276
 0.7022190896800862
 -0.957374531583474
 0.290057460381986
 0.4221300579959567
 0.5275248811880096
 -0.300149659064906
 0.3141869260488918
 0.6022196413336619
 -0.2089755234300688
 -0.6771355168968097
 0.158056160494394
 -1.170544846130255
 0.7022190945633312
 -0.3659834819025438
 -1.895138834017246
 2.447185476520304
 -0.5062284068496468
 -1.155296681133882
 1.396503242895532
 1.143697350809498
 -0.003376428835979741
 0.9052793151160786
 -1.397605143429909
 1.591858673949937
 -0.2925111074771048
 0.7138654506244727
 0.1667293524516934
 -0.4195853769385671
 0.2008095382685249
 0.4541040807904144
 1.231402858570198
 -0.4451152928618321
 -0.7067453691551783
 -0.1329802378316809
 -0.6364648868204353
 -0.235263309740658
 0.2111608692729329
 1.014135568793559
 1.344093507867872
 -0.3280823068323601
 -0.4470779101399293
 -0.6364646373685998
 0.7860254270715796
 -1.014180317481365
 -0.4479270239507868
 -0.7004595690233233
 -0.905653554305797
 0.695044726245899
 0.08212525594042093
 0.001724805277841947
 0.01437261390488977
 -1.724175497513861
 -0.2436651969737225
 1.471408982346421
 -0.06943704978561772
 -0.1563892519645969
 -0.1127838795780019
 0.4798690029147404
 -0.49700122298314
 -0.9053186443978076
 -1.486220149961473
 -0.3883966738147291
 1.016562152163005
 0.4989898053246251
 1.760995080530816
 0.5620493263888864
 1.48273884843409
 0.7893964878662363
 -2.221912588628625
 0.7364473418782714
 0.1973310671814325
 -0.8788102665872792
 -1.486220151975958
 -0.1563892519644642
 -0.4160920253849865
 -0.06943704980153971
 -0.5570386767927037
 -0.3369230923303851
 -0.2385499392084071
 1.257978370403778
 -0.006070504750919979
 -1.128473610501163
 0.2385136141773577
 -0.5394680186454548
 0.4571328403239341
 -0.3555684824420075
 0.4786066947066389
 1.226753996103309
 -0.5416465667200754
 -1.609061333393198
 -2.318304940655582
 -0.1478539151799712
 1.554510415086721
 1.193630627673233
 0.2021650498591095
 -0.005891453599839762
 -1.342060093533471
 0.2296406609445079
 -0.2174605814490285
 -0.03277807181024314
 1.074163602467641
 0.2021649474625225
 1.051034806091034
 -0.2296795785776728
 0.1407131810210069
 -0.5148672629790002
 -0.4056369744991856
 -0.2668413780185442
 0.6411560742280119
 0.02150479756482454
 -0.04478716776652113
 0.4971995531218402
 0.5619738998734192
 -0.2246401885247931
 -0.04526178552563968
 -0.5054451242856774
 -0.3187101948257028
 0.3864097145292876
 -0.3936438024989438
 1.128321777746122
 0.6397503877620297
 0.3310573104295431
 -0.4686600152809486
 -1.246114931032954
 -0.6725456703744974
 -0.5196906886161021
 -0.7589321755844949
 0.4346086765083281
 0.8553013744290006
 -1.409561973161196
 -0.2988500747036253
 1.240377829846815
 0.6397503879418469
 -0.5054451242857033
 0.05902117294138473
 -0.04526178542470497
 1.402445626472117
 0.06709842594966189
 0.09919975946377269
 1.724322665262956
 0.006639624735693603
 -0.4867426443786909
 -0.09660224517528304
 1.605882558801519
 0.1362571063124039
 0.1874760868205081
 0.4311930463591546
 0.551500204384832
 -0.2759703799870505
 -1.134331929763073
 -0.7536515971177721
 -0.5956982555432567
 0.8429555260238047
 -0.1062169333071678
 1.115146447354934
 0.2469642695124036
 0.04032010853141001
 -0.04502852648522504
 1.422420556818957
 -0.01408513979548483
 -0.6085505729322466
 1.115146456624032
 1.09613804577566
 0.04503448368537558
 -0.163098970137212
 -1.730654511617566
 -0.01298119032437869
 -1.098033882755455
 -0.3509047592730877
 0.01977413939663773
 -0.2056565692093629
 -0.6847233692687791
 -0.1823329404515488
 0.03318817931593414
 -0.06991187341147305
 -1.58539866280068
 -1.399104609864155
 0.5142323522405965
 -0.4917607801848479
 0.4867025515894637
 0.6096244014191194
 0.7905613746477684
 1.38120922465798
 -0.6728410038863221
 -0.6069016247793714
 -1.20002923518534
 1.681203404873362
 0.7928042823508409
 -0.3128356972903216
 -0.8813654919366846
 -0.1725059275158731
 0.2879904579204911
 0.609624403881654
 -1.585398662800468
 -0.3827335096690001
 -0.06991187340857408
 0.6247143799936286
 -0.6776715074789
 1.365763906029167
 1.128115319034987
 0.4471360435970588
 -0.487998049991461
 -1.36613119038829
 -0.9223676482759785
 -0.1397043166105212
 -0.8114648818241715
 1.472244869902028
 0.6518122420555948
 -0.02518074510748619
 -0.7408767254379354
 0.3716211230408216
 -0.05836004376414988
 -0.1913284387875154
 -0.23897407162458
 0.3964217936446413
 0.1270486395873124
 -0.2518368658754467
 -1.044517397429871
 1.119809284171559
 0.05067427188606172
 0.01753960984972823
 0.3964227436258129
 1.82970673110821
 1.044534828429715
 -0.3415630992750724
 0.9843819108633962
 -0.01481225028556732
 -0.09260823973453125
 -1.313649949540013
 0.03334639368208066
 0.4102591059520941
 -1.047358889024262
 1.724752023314079
 0.9724868618017811
 -2.880266403137409
 1.159744035347937
 0.7542246821946823
 0.2815689527163553
 1.218893291397393
 0.4878088770252998
 -1.585029728717968
 0.05970661752885918
 0.617552367587698
 -1.594581112204603
 -0.1996359074212962
 0.03773779474181153
 0.2374115700636839
 0.005417712166776774
 -0.2728761531901951
 0.01622030858550757
 -0.02892570583409338
 1.669050470418123
 -1.585029728502789
 1.159744035347683
 -0.6232762717468571
 -2.880266403091155
 1.297101972153956
 -0.8146772505099272
 0.4738987393417822
 0.7370222965009541
 -0.2586758495218098
 0.6252268782098334
 -0.4753244656930939
 0.6140944441264548
 0.02274146809242532
 0.1142568465488366
 0.6346791046483958
 0.2290566328626019
 -0.02671896959862644
 -0.5730449892302302
 0.2144369500214994
 -0.6434259912678727
 0.8001054048496213
 0.7139287391158564
 -0.3558170983414416
 -0.2846018499370304
 -0.7975914981514415
 0.1627906670593698
 0.1815078240813118
 -0.009459707971218629
 0.4922382552024299
 -0.3558171682717342
 0.590238589467088
 -0.1627860053003331
 0.4615150853932318
 -0.5023326809072598
 -0.2142093119408083
 -0.1850950083485548
 0.8276089168465567
 0.009946817137807717
 -0.3095207448057469
 -0.613201694178902
 -0.06224477226841466
 0.3492067121227946
 -0.1238845893245078
 -0.3251888962588118
 0.1502159369210664
 0.2679896257551123
 -1.011794338408814
 -0.6252594649814762
 -0.6473672985171243
 -0.5532541391651897
 -0.03810359411450268
 -0.09205691092658327
 0.807227695111884
 0.2878835740063736
 0.633923032018095
 0.684110534113886
 -0.009324580277977333
 -0.2580024714375108
 0.1225440605011663
 -0.1289218476931069
 -0.6473672983998722
 -0.3251888962587982
 0.04614379281015315
 -0.1238845896705044
 0.6152659565476581
 -1.72658422139881
 0.4354217926154775
 0.998330577701827
 0.02337710033280288
 -0.3745961187343528
 -0.4380762263840269
 -0.7372470258914857
 -0.1766601023195294
 -0.03428260798806183
 0.06541552565895778
 0.8185273254524998
 0.3826974864604344
 -0.9505847793135704
 -0.8352813359002109
 -0.05204573927640114
 0.6383456170187507
 1.152932582942135
 -1.848296173669844
 -0.0815751203791647
 -1.74294924750736
 1.747251406848251
 -0.4883343836649375
 -0.02527130293637738
 1.79767204165113
 -1.848295749593842
 0.889284680286065
 -1.747395013448671
 -0.3578688380040825
 0.2198801046580341
 -1.475802529633108
 1.939638279523021
 1.789882068713673
 0.0227899708324521
 0.441485041203266
 -0.4330321130984388
 0.4791774911496729
 0.9628356978015287
 0.1332629986838287
 0.8420780259446585
 0.554918930108922
 0.5195497200530309
 -0.5872141709247074
 0.3745282666327513
 -0.9923798981435394
 -0.650307587245135
 -0.9694048435476061
 -0.6369066258784282
 0.8937287935310541
 0.9344447858723952
 -1.16388047557204
 0.5013062152730904
 0.2300337303781032
 -0.6368171736015432
 0.07682571991484836
 0.622030120861351
 -0.9923798989485892
 0.8420780259446287
 0.0768748054775531
 0.1332629984442832
 0.5166724895955256
 -0.6610679933093595
 0.1463688480028604
 0.7581074873614682
 -0.01607728651804009
 -0.2608309402949724
 -0.1469809600013368
 0.1989694078190418
 0.08176347656419823
 0.129978998469891
 0.3479628713519752
 0.3019473098482192
 -0.200053181648837
 -0.5156213702415853
 0.204588896674593
 -0.1836178762510611
 0.5850013590337125
 0.2427347773774907
 -0.3353494304733847
 -0.1575671390317532
 -0.5593442434383199
 0.4633876386708499
 0.3052941422419635
 -0.09695067950007155
 0.9163577417461611
 -0.3353490576483945
 0.9601038532329723
 -0.4634498456764486
 0.113722122271149
 -0.4503269208470962
 -0.5022324484607247
 0.3905947693459413
 0.4659786675073268
 0.04057949938496739
 -0.1767949227202956
 -0.6087721830717827
 0.08224061130171009
 -0.001041234527153452
 -0.03543289209465963
 -0.1494008144854878
 -0.2299245621654072
 0.2162027421550683
 -0.2309778418154095
 0.2607115722691937
 -0.3165343089862168
 0.2733218542800097
 0.04241597305172564
 -0.9709472136894632
 0.01816421683760759
 0.1489986821816338
 0.2372247324391677
 0.888560614136143
 0.03589449360749117
 -0.6690463018551758
 -0.4282128811857144
 0.214788049928799
 -0.3165343093947733
 -0.1494008144853397
 0.09800431662216645
 -0.03543289234291178
 0.7671810497477792
 -0.6829809201119987
 -0.4620819072143874
 1.128231729206997
 0.004454512835175934
 0.3008801878216495
 0.4620450998455536
 1.686642004720375
 -0.01323207756787256
 0.380255040094556
 -0.7581183548387359
 0.4855549318956909
 0.3899801577738778
 -0.8989775450364408
 -0.05152410162960266
 0.2496579062037496
 -0.07332682071924623
 0.1857955281563549
 -0.1035249423859323
 0.005240392693082541
 -0.5978919582469936
 1.496779323141864
 0.8469739046015943
 0.04671036710358432
 -0.09157512083784163
 -0.1035254245948212
 -0.5597733301259995
 -1.496830068435049
 0.3271594352585583
 -1.445722820870075
 -0.1919304946330847
 0.07822804223213298
 1.451045933071317
 0.04546991295342023
 0.04478956641293109
 -0.7916230932851783
 -0.7274327640083966
 0.9199073292668911
 1.197513799053225
 -1.73285657994864
 -1.536300706044149
 0.4123065754750691
 -1.408282412899464
 -0.3009220960540595
 0.5755623968065706
 0.03540240012283393
 0.09504236893511117
 0.6734604237640468
 0.1580957352165563
 0.04415759468010719
 0.1855978402493894
 0.05754512601713691
 -0.0453901414597048
 0.08433548497553595
 0.4055737224113481
 -0.8207112749424513
 0.5755623954447873
 -1.732856579948558
 -0.6672944598876451
 1.197513798983583
 -0.6971154775180881
 1.709670626750599
 -1.036020546949697
 -2.951912683578434
 -0.005252586641095946
 0.8066639604737654
 1.035925995546969
 -0.9832118009797715
 -0.2777456714697038
 -0.05662536212857559
 0.3073724531864711
 -0.8219760076002853
 -0.05006205534519396
 1.030568168435987
 1.512200298527368
 0.383236578048004
 -1.01647191487332
 -0.4611615304355015
 -0.08696259335829974
 -0.2341658951448422
 1.061464195274935
 -1.826501477468834
 -0.7805055515023445
 -0.3346022768741663
 -0.8017145273619553
 -0.08696258260784906
 -2.082483578517615
 1.826608232872164
 1.425614579865167
 1.704806256647164
 1.868703307679583
 0.1055631655906886
 -0.794253748106527
 -0.2194695701761356
 -0.03903564679927642
 0.7187632382217842
 -0.2339062739350481
 -1.168195973807968
 -0.1934504201774907
 0.006935548435948109
 -0.02202925386508633
 -1.130019631495226
 -0.07630864191316834
 -0.8064667299244931
 0.7156173601274419
 -0.5135388613063037
 -0.79909922733799
 0.5333681932429664
 -0.7596392347479666
 -0.0468304471604379
 -1.051507727950304
 -1.537592238240716
 1.403235600029886
 0.8878815193068499
 -0.2237941790348063
 -0.7870915361269077
 0.7156173605490127
 0.006935548436540653
 0.6117052251712803
 -0.1934504201041821
 -0.5448572519206314
 0.88749969664284
 0.2515774015260118
 0.0186392871171731
 -0.01099845439872687
 0.5655980262631901
 -0.2498817882170443
 0.5028960732494261
 -0.4761712062356054
 -0.2964009404285409
 -0.8858252040181378
 -0.6128586104381842
 0.1692732726531741
 0.2490819876585507
 0.5729353429492812
 -0.05346957527203341
 -1.16472939542157
 -0.6722445897269375
 0.906734049486669
 0.5894677161717282
 0.7149017015907428
 0.1804152829989868
 0.6120528397515963
 0.1541823006003615
 -1.55738727850563
 0.9067341087644423
 -0.7831484789873218
 -0.1803463352313545
 -0.4963740065770327
 0.3290601415853895
 0.3486899489278842
 -0.539617913194676
 -0.5177280551917658
 0.3436059348206341
 0.2744884132631547
 -0.06069997549517897
 0.1168248842260845
 0.6764221783107407
 0.08604336884449118
 -0.2447823339043953
 -0.4090730239149598
 -0.07439015451144818
 -0.1108943638838626
 -0.5654456177560797
 0.3946160329980758
 0.1180113087178414
 0.4609247796412589
 1.082844729124071
 -0.07696187537020589
 -0.7384826072727664
 0.04472295478400857
 -1.294999030328459
 -0.3059013975287733
 0.7343354714224569
 0.2379782736288084
 -0.8329471022344073
 0.3946160347198357
 -0.2447823339042739
 -0.09665815632444408
 0.08604336883899473
 -1.383398818002422
 1.720230922406683
 1.170223605189941
 0.05404633021710781
 0.368088236835103
 0.7045728458941288
 -1.169909261880699
 -0.9148980434274205
 0.1499185202576198
 -0.5238677419694925
 0.5849537033925764
 -1.779749606059557
 -0.01913454430659884
 0.3230979890013825
 -0.03658023953234366
 -1.821423084849668
 0.4710639962739221
 -0.9032990947247215
 -0.1828496241137663
 1.585720747057536
 0.8619827982584871
 -0.4412996180920462
 -0.3701339335583227
 0.9524548195446718
 -1.080386074968725
 -0.1828496140156674
 0.912785961593699
 0.4414229877574151
 0.1494058568463727
 1.748892438899261
 -0.4555664043265671
 0.3229847213062703
 -0.8252723501973603
 0.5818259127189138
 0.4968131936987392
 0.3393348611621034
 1.372230021359339
 0.4359529093675925
 -0.1184277476320904
 0.8718795159569882
 0.5040166263008037
 -0.3252051765905528
 -0.3765824834621229
 -0.7043612985211457
 -0.1760589715077751
 -0.8624885143928217
 0.7731743211980323
 0.0526465141463857
 1.146966103227281
 -1.823075570322465
 0.2743450219298513
 -0.5354130328850528
 0.04043958101319102
 -0.7973913578721612
 -0.00896293727938568
 -0.8707116251317787
 -0.1760589701869749
 0.871879515957146
 0.2228550641356115
 -0.1184277474503005
 -0.3348584821478867
 -0.1855620393755149
 0.7660134820726332
 -0.02643177758728837
 -0.1383409204821466
 1.205352591046315
 -0.7665720018235223
 0.897820007971339
 0.007632803961522157
 0.05104940503099581
 0.2610736009504583
 0.01426403305294946
 0.1807060491877077
 -0.005064896110021463
 0.2694215629419769
 -0.3938411286939479
 -0.2501178638472609
 0.1686227982077907
 -0.5913166702360676
 -0.2649467104408972
 -0.1812787106844209
 0.05017035051609729
 0.1195894437891133
 0.2287652824603208
 -0.3871149006939393
 -0.5913171397501544
 -0.7471789370428309
 -0.050157151858612
 0.736449813253114
 -0.3299800367979485
 0.2761458053864587
 0.1943995816108324
 0.3378713068863644
 -0.08743845364525102
 -0.4207084184592847
 -0.2234899094751454
 0.09874595382240918
 0.5292803950633207
 -0.01226622905195255
 -0.3013943378339042
 0.2451058644521221
 -0.2993356875682506
 -0.7258625601404123
 -1.20528373107542
 -0.4095133824364042
 -0.6259366150778106
 -0.2927439796687429
 0.9082289991825145
 0.7776351427834787
 0.2843052064417059
 0.2337012745443451
 0.0231852385227352
 -0.2272478368451759
 0.7127694025675962
 0.1774738198286644
 -0.5440797789120841
 -0.4095133819164885
 -0.3013943378338206
 -0.1158447228480138
 -0.01226622911386815
 -0.2605654454492101
 -0.4037820957048832
 0.3532818557853518
 0.05641129308268612
 -0.008593441771504024
 0.09231963543627554
 -0.3555723577519314
 -0.6951936362534806
 -0.08016992156276287
 0.08457586407142452
 -0.4108359031300998
 -0.3570357922251454
 0.01714135100542961
 0.2422675304456333
 0.3290795945765788
 0.2708898080011712
 -0.6727027390361079
 0.1139043669136733
 -0.5417664592671525
 0.2678322661151251
 -0.5049327251649515
 0.6224087397333604
 -0.4853134641010461
 -0.02052388738392797
 0.09381769979170672
 -0.5417663529490023
 -0.2083017468643535
 -0.6223807899749286
 0.311039749932003
 1.089519747184384
 -0.3938599279023982
 0.6849472860242451
 0.5642647170115402
 -0.003278937181395507
 -0.01810957114924732
 0.002062315857293626
 0.3033862773920877
 1.044352132179536
 0.1738295530027908
 0.7971333096984421
 0.3887088787652776
 0.2946748801486058
 -0.04850506099562471
 -0.09229467518634736
 -0.6107124453690903
 -1.00723198016305
 -0.4961278003662895
 0.6807737298392723
 0.6655554194489834
 0.6806491977531647
 -1.050443543249137
 -0.8813210981716472
 0.04128928928224277
 0.5326362838039986
 0.1209337284903645
 -0.6140165800133738
 -0.6107124448366392
 0.7971333096985587
 -0.2430548838348222
 0.1738295529695159
 -0.8146903744079952
 -0.7560657676996677
 -1.011381421275835
 -0.02864052264222027
 0.004197783602223009
 0.8209980930265693
 1.010859964166451
 1.6617864201952
 -0.3832211003985595
 0.2009241161688212
 -0.1703188999277333
 0.7357410826968052
 0.2742629947096974
 -0.1561309898485024
 2.206592399493713
 0.7860355288690659
 -1.734594518986515
 -0.04320431868236618
 0.02153725492897681
 -1.007537999876906
 0.1200906230691444
 0.006385768371993451
 1.580240105042013
 -1.988148113492532
 -0.6102063995524289
 0.0215372028130413
 -1.778427148390911
 -0.00651542416643729
 0.8746427933414591
 -0.8178046326689109
 1.389230206012778
 0.01072395629997269
 -0.1939106969567581
 -0.4352534471283288
 0.03858745158642251
 -1.637867394643917
 -0.9009154730042884
 0.67444300633156
 -0.03189480325343561
 -1.537799179784987
 -1.542094876728589
 0.2531818986157389
 -0.6483058082068766
 -0.8211439861242408
 -0.09858955941799524
 -0.01319290305085685
 0.009039973221463276
 0.5261005449596904
 -0.876504018525361
 0.9125873544386047
 0.1420780484637348
 -0.7500451559421056
 0.2001954827422426
 1.636471356996165
 0.371945827969098
 -0.6537428976474519
 -0.09858955955959656
 -1.537799179784751
 0.1125232866166693
 -0.03189480329235325
 -0.6743354754623579
 0.9520641722150071
 0.01554736175226517
 -0.1854405862368926
 -0.001024910733659887
 0.5055676442711126
 -0.01592632406219966
 0.5880371623699633
 -0.001526206072151667
 0.2280052641514048
 -0.280566311165019
 -1.449170450272721
 -0.3944952686965141
 0.3677853580325783
 0.5598228735657712
 -0.7103620930313645
 0.07883034324821171
 -0.006706722570703433
 -0.06836170909759634
 0.4076559523946555
 0.9167550000488807
 0.2196870869004917
 -0.215550892622892
 -0.03464266722414143
 -0.3185475107905192
 -0.06836181226451699
 0.0304638641610709
 -0.2195793078324992
 0.2003081671537295
 0.01484260316844543
 -0.3252016056634235
 0.03775889384755715
 0.03702249250212809
 0.1645816649823771
 -0.03095190044885056
 -0.0897256481263633
 -0.4794036613266465
 -0.1711407948298849
 0.9910288413288179
 -0.2420216762819681
 -0.2470525656583612
 -0.03933175798815759
 -0.8376355292345469
 -0.5054810342880403
 0.2921633247007985
 -0.6057685404141937
 0.6932256943819463
 0.6835590301329475
 0.9150186586564807
 -0.7711613502471746
 0.8577547592978892
 0.233067779007529
 -0.08964090174669267
 -0.2944041818945267
 -0.2542143236646263
 -1.3817489777825
 0.2921633227262096
 -0.2420216762818707
 -0.1917369402613347
 0.9910288412666768
 -0.8526560203811921
 1.0056982165345
 -0.7632992914884293
 0.1797463468244165
 -0.09412118952497285
 -0.767802874984066
 0.7645554164432515
 -0.7784613026445457
 0.1328585400704561
 0.003733794647190276
 -0.1519492115706653
 0.1913421377486825
 -0.3901780453916283
 -0.91093686692311
 -0.5865737450201505
 0.507511458583405
 0.2816777888369332
 -0.1179883240154192
 0.544737995586639
 0.8851938658389907
 -0.02139447865826822
 -0.4095882990464512
 -0.1364617072503383
 -0.05732800753559562
 -0.1776505416858529
 0.5447383219704941
 0.1188968800875654
 0.4095788292159453
 0.3684905210108544
 0.4477865232222559
 0.3507487417722709
 -0.1721819489155398
 -0.2018802769875341
 -0.1928998287334848
 -0.1078778202834921
 0.4457868867207756
 0.5077152981096422
 -0.3830877413034871
 -0.1021493596879463
 -0.219321220025176
 -0.7887584176062964
 0.04103703645494888
 -0.008550014961024189
 0.7678400578607825
 1.028265360492302
 -0.2342170944687884
 -0.1878104675340261
 -0.5862472945652898
 -0.9359517970102295
 -1.006287661568117
 -0.972141272274435
 -1.034880055311843
 0.942945249404408
 -0.6915633208684041
 -0.3285211753796025
 0.3351796875894438
 1.028265361636566
 -0.2193212200246962
 -0.192464320009292
 -0.1021493596259623
 0.01498642168747763
 1.869422091928954
 -0.5235343120815024
 -0.08789353415108486
 0.1561105579697614
 0.07584049405428575
 0.5243307122001226
 -0.2543496182642107
 0.3869468128359027
 0.05470788822595764
 1.905296073912026
 -0.9646115735131402
 -0.05393454195697724
 -0.704402322860273
 0.2285510866021787
 -1.351683783471718
 2.106169703521257
 -0.1098606882425578
 -0.1120516234433197
 0.03954732526411327
 0.9485137415383414
 -2.12137490122438
 -0.2777464540125076
 -0.02780574091782639
 0.3669731275534627
 -0.112051515946742
 1.083199942500869
 2.121519526549849
 1.648966220686431
 0.2247533194329002
 0.9327719410222065
 -0.04076341373260193
 -0.9297207510657086
 -0.1531333843459054
 -0.4299509062677329
 0.1130171259612392
 -0.03507728564903075
 -2.137256976900026
 -0.2648624314235588
 -0.9210409209389061
 -0.651132241734282
 -0.2587192335580983
 -0.7589769426897826
 -0.07583610519347082
 0.784547785991636
 0.2070310207685323
 0.7905821774202503
 -1.785627269657754
 -0.711790482923616
 -1.905760506991671
 1.221404779285812
 0.9189029705244444
 1.089945752193277
 -1.907410277263355
 -0.02443793340958839
 0.1041499120261386
 0.7845477870931903
 -0.9210409209386629
 0.6316180686802453
 -0.2648624311163083
 1.83459202972749
 -0.191716521492645
 0.7082491503084933
 -0.04988879295952919
 -0.0118132106514575
 0.7441697508506631
 -0.7081611088854984
 -1.04654802066056
 0.2630823188688167
 -0.4166101282782022
 1.747375566126774
 1.356110001035368
 -0.2840853312435335
 -1.096089701314945
 0.1804658159559127
 0.2133179595432145
 0.1129104922931142
 0.2516835563026567
 -0.1042949159025595
 -0.3361743263089453
 -1.247408563700678
 -1.883200832378787
 0.05036834606666319
 -0.0140495085612524
 0.02924780758958363
 -0.1042950136964868
 0.07256628846506172
 1.883163041704883
 1.57215350383938
 1.034204108580617
 1.613985187076481
 -0.1345314395522621
 -0.09944681317861123
 0.5630583390787273
 -0.6857908713938178
 -0.02004144791682561
 1.179842382305653
 -0.2460464088319633
 -2.796959020020505
 0.1157899351829859
 0.6658476105714289
 0.02047974392055659
 -0.2215559661853625
 -0.7442393439737307
 -0.4105879709067211
 -0.630473020220721
 -1.130030605307078
 -0.9186836185360401
 -0.7463904254824227
 0.2154488059082172
 -0.8799115397048465
 -0.9000067279557792
 1.336603650387339
 0.3606109320784721
 -0.3226516386220594
 1.52677742352549
 -0.4105879685935273
 0.1157899351831943
 0.4925731188893563
 -2.796959020045901
 1.495605004113029
 -1.005532138093201
 -0.8454091760818615
 0.1446310245786486
 0.007096106088054803
 -0.4675457535348461
 0.8450922005058467
 -0.3531113846395616
 0.07925879207595493
 -0.2798722139450088
 -1.139065080541538
 2.001802924178988
 0.559604566219114
 -1.033262071664663
 -0.9692444690027285
 1.743419500989971
 -0.7537108769837337
 0.3811429225251882
 -0.03544138452791797
 0.0005268522406291341
 -1.72606453239174
 0.8884392346607006
 0.1185698633320451
 -0.09417382566637766
 0.1094410387777006
 -0.03544229659512779
 -1.898079190985504
 -0.8885086887073558
 0.4742018657295234
 -0.1092427303961065
 0.6856662697983904
 0.0002098337504710641
 1.876593376249907
 -0.1590491415381604
 0.1012006434269204
 0.2976391123677123
 0.02196804085804836
 1.03398597471246
 0.1392503046344564
 -0.6186978370333769
 -0.551409097936312
 0.2299484742523925
 -0.5119391138174815
 0.4675728451109892
 0.7485456956933395
 -0.008797893471069523
 -1.697740269944888
 0.886164006575958
 -0.9612147259623772
 0.9913748257861262
 -2.115427229038778
 -1.499214931885183
 1.253995307399755
 0.7719464012035119
 0.5731536492766482
 0.5895568823060343
 0.7485456965786865
 -0.6186978370332349
 0.2311114324444017
 0.1392503047561771
 -0.6294188083199815
 0.3015144701823523
 -0.9144654731746249
 -0.02060023652228161
 -0.01332053070745454
 -0.825469333029571
 0.9138377686945562
 -0.9716235304100515
 -0.7429594931098961
 -0.2068417701057773
 0.06242072745870781
 0.3757370276537145
 -0.09445044241929143
 -0.6522986744944642
 0.4163829288779629
 0.6350047033505666
 -0.2258490821198419
 -0.4884794789419715
 0.08677448656939996
 0.3294806741060887
 -0.1333267713579769
 -0.1262176271013334
 0.1012550509378837
 -0.08319384801551985
 0.08465983688653551
 0.08677444111885228
 0.1242149102787577
 0.1262415495636237
 0.2907053671376223
 0.6766836535349467
 0.2484393385669759
 -0.02586103183261493
 -0.1312688131617599
 -0.08718342530145874
 0.9472692847026811
 -0.1486049338553087
 0.5247805086935112
 0.07323063289248614
 -0.02171612009973794
 0.1549478416048231
 -0.5412839634270973
 0.0006715713848998393
 0.3938891959511156
 0.8252672710769444
 0.4018434441686679
 0.1462314048418264
 -0.2632206930486067
 -0.9545469299240523
 -0.8828342345972553
 -0.1928091066771762
 -1.108619798458095
 -0.6144563567493254
 0.7803047675008455
 -0.3743705413071505
 -0.06695561541362996
 0.338404037142318
 0.4018434437732544
 0.1549478416048585
 -0.1235530280275761
 -0.02171612002004473
 0.2543510926161255
 1.478210188123092
 -1.449841811740579
 -0.09308515394096593
 0.04219359863724413
 -1.20321305175578
 1.449955600413325
 -0.5435217456196826
 -0.9253470491797348
 -0.1302404944507056
 -0.5451980468207291
 -0.8857775686782782
 -0.01361066027288414
 -0.5831318901027481
 0.1837652434360225
 0.2616239795307223
 -0.00352058518811706
 -1.042114719162616
 0.02105187560807945
 1.325140850321221
 0.6573375763785486
 0.5141647053516007
 -0.1225449110489474
 -0.01682542573481623
 -0.3112386992484474
 0.02105203552876101
 -0.3422727244881156
 -0.5141005027815642
 -0.2097946055891276
 0.6949429090424951
 -0.3981997687287196
 0.6251597417873732
 0.1820255146126021
 -0.1598520010705687
 1.963935889208462
 0.0750088250346104
 0.6047899232142937
 -0.1158604488928277
 1.025946037718782
 -0.3572672738477803
 -1.576110246215459
 -0.08368548772449111
 -0.2851273792544837
 1.203236697214124
 1.28613868335721
 0.3023704725834953
 0.5214288497491736
 -0.5369376244487014
 -0.8804984359360615
 -1.422517769885978
 -0.8855147333151669
 -0.8419934777217574
 0.9652211407557721
 -1.191083541016361
 0.1188308328448621
 -1.070643678133364
 1.286138683386769
 -0.35726727384785
 -0.2689964787225823
 1.025946037746184
 -0.7052357607495379
 1.315752285751504
 0.08979775728562094
 0.176090639381149
 0.7355990324446032
 -1.363892852109923
 -0.08750423383442317
 -0.865187350046029
 -0.1135239104041705
 0.006471868961089273
 -0.6461560294476829
 -0.9062535691450149
 -0.009713409471752081
 -0.1015912943689211
 -0.4817698435374974
 0.4493532324447382
 -0.3392397031738125
 -0.995584595486244
 1.183452908151685
 1.287512380854271
 1.168546685644374
 -0.252115128790482
 0.2576412244892246
 0.3528314264271548
 -0.8119426195239096
 1.183453631239322
 0.9556563681728559
 0.2522172198232823
 -1.569840189321203
 0.7049147622507038
 -0.5669098016448919
 -0.410019937086717
 -1.391987246815702
 0.2511987665019124
 0.9486682203264122
 0.4051665402115877
 0.9684022659040323
 -0.1824164285532451
 -0.3201828124670634
 0.9832645922070705
 -0.07312425768723903
 0.009065560694014315
 1.361947246970511
 1.364019490386032
 0.4010453623490357
 1.240268040715833
 1.24073247583515
 -0.6334624150147263
 -0.5381062311444577
 -1.172071696656695
 0.1093995811514349
 -0.407089500434905
 -0.1889759685649114
 -0.5930309143431589
 -0.02947717717970882
 0.2186494730528763
 0.4010453650001001
 0.9832645922070676
 0.2938365975414152
 -0.3201828123204667
 -0.4100048030934598
 -0.864752125206791
 0.1537591913730348
 0.1473901335994778
 -1.206952016728992
 1.084801453504682
 -0.1522026202007821
 1.84468893949201
 0.02018338995042359
 -0.04608859253817542
 -0.3872752819926666
 1.448310276959299
 0.3402198794216204
 0.159738905949776
 0.02496507457800265
 0.4127821480211615
 -0.4957860120601313
 -0.04879017826627295
 1.054247047663519
 -0.7564791488821858
 -0.6953082067706343
 -0.306781247371551
 0.8331687053069642
 -0.04912971173357356
 -0.8205441091353753
 1.054246225698015
 -1.162732435866064
 0.3067390975860695
 0.5271472288973406
 -1.69471390028042
 1.354334839449513
 -1.781181250582484
 0.664032015202787
 0.3424297795573383
 -2.024710574664448
 -0.05299001368988081
 -1.094424722320977
 0.231786562082416
 -0.144991413322905
 -1.523259421878689
 -0.3843938140900626
 0.09100941983831358
 -0.7319654375380165
 -1.084729886918408
 0.3662370612276963
 0.2176369266425327
 -0.5796685097009819
 1.336629979661665
 -0.448005165345354
 0.6613677845248318
 0.638496337414576
 -0.1759839332000002
 -0.4295373715018947
 1.352403495335303
 0.3570923237671739
 0.1874535493752355
 0.3662370630512124
 -1.523259421878702
 0.1713377835479028
 -0.1449914133985208
 -0.2204293394946269
 0.1730261446392489
 0.01579414770012081
 -2.490329408483543
 -0.1555651780593691
 0.07905175995124816
 -0.01374844756577697
 -0.9246769077563068
 0.4227936583423411
 0.4352416754734838
 -1.614536084122142
 0.2579323619040373
 0.1235795185442003
 1.633765858925147
 -0.7256807521063462
 1.561491325309563
 -1.476772808042643
 -0.3220653111327105
 0.8921438901782093
 0.2320536098580598
 0.1396907062577936
 -0.2462289195070497
 -1.27007736085136
 1.124139967993114
 -0.8197007872749953
 0.8921433858004675
 -1.963088243913066
 0.2463520084432493
 -0.2056844369923969
 0.7566397296576203
 0.5059849136908642
 -0.8648401282832958
 -0.1061977140010867
 -0.2750489199949168
 -0.2869259889644764
 1.984515215848404
 -0.1739770876448554
 -0.1932037097843091
 -0.03339370406590252
 1.090698813060475
 1.283884502465697
 -0.9492532027664978
 1.340529316520872
 -0.0789404210337344
 0.596837983586725
 0.08701516608829551
 -1.219491409633677
 1.808898164055671
 -0.3428421588847935
 0.8657766334353603
 -1.049840485151915
 -1.407652113424722
 -0.1852021755486023
 1.539052609021432
 -0.0773034650895679
 0.1819003282353376
 0.5968379876173946
 1.09069881306036
 0.7002930902701096
 -0.03339370390815646
 -1.584161548952686
 -0.2711607339313873
 -0.9399721831177591
 0.1399144980664699
 -1.936047062139061e-05
 -0.6503486748346299
 0.9412418828203657
 0.5967987077853
 -0.153019518699514
 -0.08247507427753023
 -0.3698432823026504
 0.6786911733030919
 -0.03119425865487356
 -0.252081230876272
 0.3202766401212118
 0.931549594329935
 -0.4197294186385107
 -0.6732185204943765
 0.8751350961134496
 -0.6025580244474004
 0.4111941379347772
 -0.2546875836975308
 0.7522406767751525
 -0.8782275700952775
 -0.09187463175428939
 0.8751350869561759
 -0.1870934262443792
 0.2546292480745577
 -0.5698546882486738
 -1.075667019803501
 0.5276436413925667
 -0.6813783327808487
 -0.7166859505021413
 -0.3989920069870145
 0.02457762611876588
 -0.2111118850999346
 -0.1138805431146194
 -0.1057674634301724
 -0.05267688227255519
 -0.65706502333982
 -0.827638171876264
 -0.06833029718137659
 0.9424875682073118
 0.6503028971817258
 0.3904122430397626
 1.086477524368632
 0.6774638505683979
 -0.4163167607248547
 -1.246680203816793
 0.2435975413732764
 0.207773058783687
 0.2847706434881223
 0.1673728652630088
 0.2535539835133173
 0.02938593761833351
 0.6469991093631381
 0.3904122452442437
 -0.6570650233396514
 -0.2741676072969874
 -0.05267688217689724
 0.1907299796454379
 0.9839911567234316
 -0.14766832609437
 0.1201953748938673
 -0.1854234581914549
 -0.03882250523558599
 0.1487624212628695
 0.462947448653726
 0.1783297592615537
 -0.05639440828357582
 -0.6453160079958187
 -0.9750666331488163
 0.1110307343110883
 0.3415875852845389
 -0.611060758991755
 -0.6298657710362835
 0.3172354147683478
 0.136689692705996
 0.01805154443649593
 0.7671806838513898
 0.7498895767925924
 0.4522695577419933
 -0.07956856616761601
 1.144649877347532
 -0.2786135688443538
 0.01805167894670714
 0.02979907484980842
 -0.4520969309003983
 -0.1338865716139896
 -0.3093981271755009
 -0.51030288901832
 0.1708034800706649
 0.2657780253437985
 0.0748373399346733
 0.007157559641247643
 0.2594628316916645
 -0.2758399932212804
 -0.07419884904189809
 1.001173315628518
 -0.1852676232200192
 -0.5246065189045948
 0.01697932642627655
 -0.2605350902174521
 0.0388692106324838
 0.8245088247952841
 0.3502055435729189
 0.6236984314571296
 0.6046337799095972
 0.3325438422364558
 -0.9124963654319208
 0.6612502606915052
 0.03501724648437948
 -0.06378398074081944
 -0.5946435292286399
 -0.1621029544345162
 -0.9053345287518543
 0.824508825593639
 -0.1852676232200143
 -3.889339889717791e-05
 1.001173315611597
 -0.8458680140977418
 -0.1632858529007171
 0.981378062633095
 -0.2925000440282436
 0.4707569132746422
 0.9996115061069992
 -0.9840733674481139
 -0.84925157362309
 0.8663815846860153
 -0.06853811755779658
 1.410321906784411
 -0.4844191735875982
 -0.02061564760748371
 0.1310556198370912
 -0.2253553503601663
 -1.686699704629703
 1.889120290296656
 1.419625096176826
 -1.906372580424765
 -0.8425051573309116
 -0.3587540258269103
 -0.2300621256768428
 -1.684267886384489
 0.4486242289559566
 1.625686569220867
 -1.90637248840452
 0.7973810028763344
 0.2300544609698608
 0.4363002317577013
 0.4509997373983139
 -0.6890972390510639
 1.151049781142989
 0.4060626943682915
 -0.5167824825787433
 -0.2828144935844814
 0.4493754823455441
 0.05913287904201651
 -0.9249469076741133
 0.1068891082750393
 0.8066642066989453
 1.486118453540076
 -0.2932236587837614
 -0.4923266352778038
 -0.9996603605090618
 -0.9339284302134803
 -1.27417923136619
 -0.6703719162175088
 -0.6439322381461523
 1.341165816063122
 0.1588335922799554
 0.1598399975422209
 1.652068814204624
 0.2134013492938427
 -0.9872739732521537
 -0.02295456068713653
 0.451687840637964
 -0.9339284293810941
 0.8066642066989765
 0.1549856007401766
 0.1068891081252415
 1.51567294934902
 -0.5714496618825897
 1.335622383593097
 0.02929163069447898
 -0.02860837608993056
 -0.1117192801849402
 -1.33532888935389
 -0.3626478982647948
 0.08066399842557777
 0.5196923969251006
 -0.7325992793422575
 -0.9213462470509503
 -0.01753770951057667
 1.773245067334379
 -0.1491948523876748
 -0.09538683166957194
 -0.7041389567690786
 0.2573120614400908
 0.4177900604527915
 0.02856486227478187
 0.6791507170466916
 0.6148730874606806
 -0.4671815453156352
 -0.0767149037414709
 -0.1294714836967271
 0.4177904664237007
 1.105764765559873
 -0.6148650505250225
 -2.069808543347095
 0.2670053438839744
 -1.416193992253692
 -0.4420704497671412
 -1.010934292140986
 0.4162715664494666
 -0.09927199473747284
 0.396423561300888
 0.1101589049936153
 0.457954660415489
 0.02011871082493177
 1.872510695033931
 1.733110202600462
 0.1069223697549372
 1.8212369133958
 0.1116967400411009
 -1.264064042555779
 0.1949260743535593
 0.7458067000861393
 0.6281154277548281
 1.470376656154749
 0.9194668667655919
 0.9919235118671927
 0.8114988533269178
 -2.525222361287025
 0.7835351462762883
 -0.04752546597967984
 -0.03478793158915665
 -1.264064042007328
 1.872510695033409
 -0.02721731747858345
 0.020118710965779
 -0.6450817079539162
 -0.6089344159072991
 -0.7434156452495534
 -0.1998452508993394
 0.4016007957938934
 -1.720075744497529
 0.7424438625879274
 -0.7681627802577516
 0.1977237357578652
 0.3793637778531398
 0.4844780162147682
 0.247214574018689
 -0.03126507379736514
 0.4852199877142551
 -1.140694483796064
 0.5080411744062641
 0.7790200883695443
 -0.2785450225113784
 -0.1813089383900158
 -1.028812277457318
 0.5062130630622387
 -0.2811846665863142
 -0.5602063859275527
 0.009101246867472799
 1.512813024548581
 -0.1813089005361169
 1.163277542548699
 0.2811110499822779
 -1.316228224611183
 -0.6217817091988865
 -0.759246854273318
 0.3605363096265682
 -0.8529134342120469
 -0.3851136682558388
 0.3332831367680655
 0.487960614212387
 -0.4860512380354304
 -1.382598126651907
 0.2427787542170517
 0.9716358316217284
 0.7650182065371401
 0.1159256631713874
 1.831756643247
 1.719976886023668
 -0.3440543207875248
 1.491110719730979
 0.5202500622181851
 -1.571806515311369
 -0.7152626757287039
 0.745151856022789
 0.3868937455085651
 1.822817194732928
 -0.2380355415377249
 -0.8013833309023369
 -0.02577710826565193
 1.382580517891482
 -0.3440543224650002
 0.971635831621288
 0.05937220050764783
 0.2427787543595258
 1.502994617916882
 1.365963216442581
 -0.7003222370303278
 -3.050695414037468
 -0.1696243793673928
 -0.2090870558628012
 0.700708452164548
 -1.058051859890442
 0.3192783723676397
 0.09716100562955247
 -0.7017945735409244
 -1.543679940480064
 -0.02175349160706055
 2.330805647376433
 -0.1769356985672852
 -0.1934635470524491
 0.2303552804821054
 -0.2143672686948764
 -0.1290599381205373
 -0.4002143460466797
 1.474834919465106
 -0.9788565623019649
 -2.176585042338286
 -0.06296313421742074
 0.2013817294284354
 -0.1290604172829111
 -1.025310141473618
 0.9789212880032121
 -0.7291789178901975
 0.7655979964804035
 0.09196430634271228
 -0.1232646788749596
 -0.7770693756017873
 -0.3915783369731227
 -0.5441240047814208
 2.215529004266547
 -1.490726552696344
 -2.107209003977314
 1.248484748824844
 1.197487572522401
 1.63280057615288
 -1.133355495790832
 1.156293490356759
 0.2093389195518396
 0.7158739332860847
 -0.09192568541547383
 -0.4355095130295403
 0.8759097256678272
 0.1832689971057893
 0.1829393713020752
 0.1438130836091265
 0.2911655673572325
 -0.06962168811064046
 0.06520294508938357
 -0.02462476452635819
 -0.5163202856231504
 0.7158739330363242
 1.197487572521987
 -0.442291531518606
 1.248484748827751
 -0.4978418736957683
 -0.8415805585772087
 0.06140222998503719
 0.01899332780848368
 -0.04633166700875344
 0.1156495437377902
 -0.062085683280213
 -0.5917067970744548
 -0.08521189646940552
 0.009439002115998492
 -0.3812087452662913
 0.6345525778537977
 0.004332718877501626
 -0.05417046680540864
 0.02411906331109149
 0.5775903354297466
 -0.2650306281166015
 0.535784644800356
 -0.06985611617421726
 -0.009422933851988106
 -1.001860650983417
 0.5952334670269317
 -0.3449917379875224
 -0.006456930078069951
 0.338810337356333
 -0.06985588723998064
 -0.4215781003983547
 -0.5953185485515636
 -0.05449427062152125
 0.3376113215069537
 -0.1976911371574305
 -0.1320578569426195
 0.8121105558661105
 0.07058430502157255
 0.277517729891125
 0.06157885701561019
 0.1498814728460752
 0.5326263386353144
 -0.0285466362775175
 0.6162597914637941
 0.7574487090079338
 0.1179568413119519
 -0.01803159268721176
 -0.115730918464627
 -0.4195279649690378
 -0.6502790322744579
 -0.9679775788111905
 0.3882962319981531
 0.3637311327288954
 0.7042107601069368
 -0.9281532746944235
 -0.3470449194541747
 0.1378836868238703
 0.3788785689944376
 -0.01913407277338381
 0.1332126869540051
 -0.4195279640651864
 0.6162597914637339
 -0.05210162676943187
 -0.02854663629731782
 -0.1638088295199357
 -1.06416208136179
 -0.1342830355500095
 0.08297858983718255
 -0.1068591515621051
 0.5391596556790734
 0.1330017667559392
 0.554338811615787
 0.2261370265190517
 -0.025443126194597
 0.7629486406803658
 0.744184829825653
 0.002415085069823179
 0.2889214199334245
 0.09199886254393339
 -0.1816145681071509
 0.2581162241120747
 0.3092750574017523
 -0.3263088427172372
 -1.130969164909646
 -0.4658526637593466
 -0.2349306513853793
 0.094862625929196
 -0.3942573939420161
 0.3654118361296711
 -0.3263091356090709
 0.1311694991624872
 0.2348294492164682
 0.1962738840627956
 -0.8296614977952328
 0.4408680366164411
 -0.03776039670443813
 0.1229643152060692
 -0.07070232672102852
 -0.6915989604282761
 -0.3258756290396552
 -0.8275078119922099
 -0.7717145797520574
 0.03344104572410341
 -0.6103033944927783
 0.2422416157421936
 0.1375387554820304
 -0.2696414075738254
 -0.5392167876305394
 -0.5886824797410887
 0.1503841575441573
 -0.5649602324043869
 -0.2107969551932935
 -0.1824192274335294
 1.033776041880274
 0.1158998195451627
 0.7912832531786135
 -0.1953626599559026
 0.5188035703847067
 0.1063467594295286
 0.6113526285165329
 -0.5886824826455619
 -0.6103033944924289
 -0.04785078325067457
 0.03344104564631511
 0.898415828509883
 -0.2185005788790888
 0.5795625208291608
 -0.1606511680746311
 -0.1776851044811562
 0.6714984368372262
 -0.5785949703050369
 1.607926840506512
 0.2187732679908212
 0.03272458969884891
 -0.5686967268197174
 -0.9908460393067474
 -0.1221727179363938
 1.6433321756595
 0.09405448452951758
 -1.061893940972974
 0.2377042811332032
 0.1571507082360091
 0.1856553001961735
 -0.6380418186295406
 0.9275555980144329
 0.4738109897697605
 -0.04713505699306791
 -0.02003806343044591
 -0.2395046180853212
 0.1856552870125893
 0.04366288824030499
 -0.4738468667907802
 -1.021584777299589
 -1.394702210166601
 -0.5785070067408238
 -0.3876721128225326
 -0.2984538346106517
 0.4676298515928998
 -0.7755808219282339
 0.1034042332542714
 -1.558174128157219
 -0.356177825811929
 1.162730676831796
 -0.1901559697570772
 0.5388269925714232
 -0.01009870982560527
 0.1004438913620713
 -0.6714283338121023
 -0.3185342715046954
 0.3995513985768198
 0.8033715034109709
 1.215395655091765
 1.299720566437652
 0.4124259391260052
 1.893462743132924
 1.406991317277009
 -2.243973786406885
 0.3897562950979159
 0.1266005048536172
 -0.8051890274299928
 -0.3185342731489917
 -0.1901559697568704
 -0.2170751429385377
 1.162730676714179
 -0.5298789677015298
 -1.633894397710137
 0.5439435925731018
 -0.1788896703462592
 -0.003684670781599433
 -0.005667544531309189
 -0.544532142076373
 -1.005703311007373
 0.07998111431601591
 -0.1555563580144974
 0.3884120785390276
 1.586801494392351
 -0.3406957736831096
 0.02930779902058235
 0.8495784863107516
 1.611982375978191
 -1.544025005758822
 -0.4955544184142657
 -0.3171722564593501
 -0.8072621227068723
 -0.9466864685059603
 -0.3668606456002431
 0.5558897851659492
 -1.087430309584149
 0.3949972563312719
 -0.3171719998268744
 -0.3004313183236634
 0.3666347017682208
 0.005855108232156306
 0.9275993890460678
 0.6212644076448914
 0.5916988035929267
 -0.5935498752376012
 -0.1214871623627715
 -0.05914372285850087
 -0.622465428687093
 0.8987183936631451
 0.8324043003066651
 -2.537695559717956
 1.162434320671376
 0.9369882983824187
 0.255744989838751
 1.239813172629951
 0.005606680533354238
 -1.638947530968091
 0.100514860830238
 -0.9584059704294605
 -0.6676073670681359
 -0.7489516888693171
 1.58731519807663
 -1.151170492944754
 -0.799959670712151
 -0.02437990528282659
 1.457816492322924
 -0.2661048014023588
 1.678868157717555
 -1.638947530130393
 1.162434320671273
 0.6228976300720771
 -2.537695559762324
 0.4819387713718898
 0.3111049520907719
 0.4128166910767749
 -0.08239738994219266
 -0.001345207554499008
 0.0536004131434797
 -0.4130421260205744
 -0.5264438007485934
 0.2201166105616351
 -0.05222695770412683
 -1.225947609320279
 -0.5535377489893095
 0.3891254557616792
 0.1323676477084644
 -1.383327453262011
 -0.1036453386333309
 0.2430928415041013
 0.5793627923160041
 -0.02556301623046746
 1.328169206347317
 -0.4074769660417323
 1.335351643775722
 -1.041759075117086
 2.104757893503113
 -0.1590357879951326
 -0.0255630794978545
 -0.3243187880837889
 -1.335204702841007
 -0.137849228412366
 0.3820662804471091
 -1.26712424298441
 0.04246150917748866
 1.255942963260826
 -0.06674717592382014
 0.05543572784466944
 1.00703478543898
 0.4734705137333392
 0.5093770964206789
 1.036830142886854
 0.6923127169760498
 0.5545937958068814
 -0.1011071183523372
 -0.3504657424980998
 -0.05353171654764508
 0.5970560876596385
 -0.5483990516796242
 -0.5798285586022166
 1.360964116268434
 1.195283148803668
 -0.3030251558405612
 -0.9481828165339911
 -0.5987205542012679
 0.2385516617508105
 -0.3265492206074875
 -0.1165344480610408
 -0.8176678328595768
 0.5970560877591338
 0.6923127169759389
 -0.1188968524300067
 1.036830142841337
 -1.34922287787998
 0.6943369870537509
 -1.445860578362591
 -0.1449325201892752
 -0.01748671534250234
 -0.7935502982631961
 1.446591262352392
 1.277148764071049
 -0.686958660092156
 -0.03042879874796216
 0.1037630645128298
 -0.8719262095821234
 -0.1807086735240313
 0.355408355777135
 0.5589209273610988
 -0.6940228100013656
 0.6116014439251813
 -0.4482170042410313
 0.03709677887331787
 -0.62931270870863
 1.39241627776454
 -0.01775799001049733
 0.469847694580491
 -0.8637440849192383
 0.3209225601666983
 0.03709668746284281
 0.01284498877733989
 0.01764670442746451
 -0.4356305148878119
 -1.234872230540291
 0.02472013137737114
 0.01396659569466482
 -0.6766325451393818
 0.252855468540507
 0.853522158103986
 -0.5634993560075027
 -1.35262695579667
 -1.195343915932289
 1.284088382542432
 -1.27872035518518
 -1.458539985796798
 -0.003217278447665496
 -0.05340579596001158
 0.7934883616907147
 0.8720884727417334
 1.07659572957378
 1.306668723149099
 -0.6055641202894213
 -0.7963436782652111
 -0.6002613805211324
 1.522868007115221
 1.201852307262953
 -0.2833945629776567
 -0.7987592638554775
 -0.07244915605339904
 -0.7582879960023848
 0.8720884701338427
 -1.278720355184954
 -0.08380788037790041
 1.284088382477993
 0.2877980911464081
 -16.16055874703243
 -9.160538620574643
 -11.07191839750829
 -10.53904591332816
 -15.82885431395264
 -14.24037752074667
 -14.38260777728211
 -12.69291078757888
 -11.69957224569339
 -2.635279975381869
 2.003665394830733
 2.001049698169325
 1.665493099783502
 2.406188418627837
 -2.091401000280207
 -2.779036904593447
 -2.487837983177331
 1.896240643742076
 1.733974725085385
 1.214675831257314
 -2.719316052058003
 -0.7238946607045098
 1.564483977351112
 1.580702178246964
 1.03850132502475
 -2.558207195829133
 -2.109764638725788
 6.733680002106052
 -1.119613140500519
 -1.211588278151628
 0.2092354932844729
 -1.68661601955359
 -0.8250170996061411
 -1.038044668930078
 -0.9353262348004185
 -1.470678514033698
 0.6149124240739141
 1.279312909694448
 0.6225241906661951
 -3.244325604430354
 -0.3032004293203405
 -3.81570792524449
 1.047453701591427
 1.898392013552285
 0.8280402734658925
 -0.3353065243393815
 3.663443701510296
 -0.8714913883624331
 -0.9715023583827384
 -1.32919057555934
 3.269903363173183
 -0.8871360080858461
 -0.9493958470798978
 -0.3725858152161728
 -1.735114268308132
 -1.215727861391655
 2.717809611335116
 0.7313176193175057
 -1.565026013375863
 -1.582283201346094
 -1.041458277448189
 2.556437842538384
 2.109594814860569
 2.185294202954465
 1.323161799648203
 -3.163916990452041
 1.220482245416268
 -3.389080771162691
 1.53426608387718
 -2.728879870946971
 1.356574271907447
 1.884746184178852
 -0.6356332308138288
 -1.961556545155202
 -0.177611758606333
 1.655011509311854
 0.2857876521857336
 3.936828068655502
 -0.9911281188553284
 -2.074128118311632
 -0.7656035265826232
 -0.7659506802796633
 -0.8158974512054883
 -2.427652648015751
 -1.108715369003601
 -0.6618942216895484
 1.232706211874454
 -0.5906636127044319
 1.535655572384022
 1.997280544236814
 1.24659157858295
 0.7799112766851705
 1.342565295123662
 -2.071980540268365
 2.161973885782847
 1.602403150014486
 -3.020330771177834
 0.7173011046125631
 -2.757205861145854
 1.932131929284735
 -2.574994343054788
 1.488535102361277
 0.7886084376002617
 -3.225419748319073
 1.658058116171094
 1.688632905184613
 1.978818844291373
 -3.118338199027633
 0.7395991240332537
 0.7405718233901969
 0.5162918540382717
 0.1698766211660554
 -3.595252738170424
 0.5106678651314515
 0.5918890415597526
 -0.4432489126106224
 0.4596663650276298
 -4.187821083030577
 0.9942458957683067
 -3.328902829580809
 0.09123230934827488
 1.887033073974518
 0.9141136879548144
 0.8906017283270102
 1.059838095096024
 1.608985852473665
 -0.6475629116270288
 5.041024455710693
 -0.6836096966139479
 -1.352209256904289
 -0.1935602803117765
 -1.157130461697658
 -0.9896360182144824
 3.384569753217405
 -1.091276880277821
 -1.0874734683825
 -1.726077622883793
 1.072688339741095
 1.985897648183431
 -2.403293223524761
 -1.351578735341903
 3.468906649341894
 2.048280649863031
 -1.242184252105476
 1.764801880083587
 -2.65128592059989
 1.551206013774596
 -1.99163877411584
 2.25104439345078
 1.521118016056343
 -3.157677057428067
 -1.634624105870543
 1.424700870718387
 1.318193632286273
 -2.517912223306713
 0.8138711418993781
 -1.832613152212346
 0.245389539388496
 2.666503626087656
 1.127633385018951
 -2.216435466045901
 1.064903704211644
 0.1000443874438858
 -1.240662851353103
 -1.014834329078035
 4.769311345545398
 -0.1319101636632097
 -0.5607815672156816
 -0.258976027544446
 -0.8168320831379561
 -0.9312675107066223
 0.8271520289418564
 0.7762806664214436
 1.071002574826949
 1.116466736475657
 0.6536538846722859
 -2.762625794444382
 0.6781698866806539
 -3.680782374684521
 0.6605712199276643
 -2.518934590141352
 1.850922587930076
 -1.784874162336381
 1.443541562391512
 2.562750031246397
 -2.032986337031565
 -2.354847593851666
 0.8366605082933928
 1.852946290119648
 2.567805590597189
 -1.120527254478757
 -1.965532611227054
 -1.062242667507761
 -2.486127640311681
 -1.43470868444254
 2.898280051703309
 -0.4909923577648847
 2.763243542214278
 3.250427863423368
 1.508036356906802
 -1.209799355998475
 1.778402222452482
 -2.357378136390781
 -1.317207905505566
 -1.486645380602934
 1.758532477017112
 -1.775733938148683
 1.121251237593908
 -2.512644614475294
 1.268201586924455
 1.452021160894591
 -0.2691688937682117
 1.361740893940781
 0.6141438571000085
 -5.607399273620094
 0.5568753098949042
 0.8163123989172077
 -3.275619610614644
 1.124928843145893
 -3.298108600671387
 0.8968664720271863
 0.8498487153285038
 0.5177478892395857
 1.371091516924945
 0.5193693918989383
 0.1000456284049656
 -1.240663235623479
 -1.014834713226893
 4.769310947071535
 -0.1319087030727029
 -0.5607828596503135
 -0.258975474275903
 -0.8168323099520997
 -0.9312680601430702
 4.270748152954106
 -1.704990329221895
 -1.354102524673447
 -1.203649771846235
 3.876872790455749
 -0.9185132188562469
 -1.811795176645152
 -0.6537702458742385
 -1.607118008535928
 -2.568066186982808
 1.120852740368817
 1.965574014271944
 1.062505409614546
 2.486405036821311
 1.43461935589134
 -2.898440779710393
 0.4904779461997056
 -2.76298170924245
 -0.3669481717184851
 2.243948445733253
 3.558270411037316
 -1.348749712089671
 -1.973641432580021
 2.08596995970212
 -1.828560893270254
 -0.6402370319663766
 -1.027687589274223
 -2.28823225395911
 2.068515467072492
 2.324648249795195
 -1.1827725167127
 2.796391908394654
 -1.821347448252824
 2.111488024006966
 -1.962052800262545
 -1.972435782765914
 -2.271572774865458
 1.727045279764697
 2.402242448988557
 1.645204757709036
 -1.642507315325078
 1.573123458060271
 -1.577232952712018
 1.405131485212733
 -2.245539603849364
 -0.005621347002282328
 1.510229623193931
 1.161917752584463
 -4.285087713373574
 0.1979601149296807
 -1.678553881423252
 0.603999309083131
 1.224808850345391
 1.019774957673325
 1.60403267616569
 -1.088907062711454
 1.570712242775227
 -1.879007607171628
 -3.431006062495295
 1.569187899009804
 1.904606105488127
 -1.777564749297591
 1.71880930951149
 3.295482518899826
 -0.313001734637
 -0.9530915941445952
 0.8279866453724826
 -0.2221209622769596
 0.1802619443517202
 -1.207127047665472
 -2.141356903631995
 -0.8166177327642248
 0.824697268554848
 1.252278078083334
 0.3407059841381815
 -1.844989284405523
 0.02174775124958334
 -4.688020150521483
 1.280050063736271
 1.303506032377318
 0.5552313846829318
 -3.504192525375214
 -2.148284813746753
 0.9023536890077425
 1.10570940321137
 1.633323165252304
 0.8982750038416167
 1.298881687508358
 -2.389437624054739
 1.385546385406895
 1.683674173103703
 0.6351419547737005
 1.785131275069298
 0.1712544160656381
 1.641113706297301
 -2.036273246442858
 1.395882875015801
 -2.245603727969549
 -2.949813904113042
 3.130174486962807
 1.821961244068311
 -1.480192671118573
 0.06621134058463145
 -2.607430792589834
 -1.332659585167557
 3.221294872757575
 -1.16111280929199
 -1.289358362234744
 -1.402343674781177
 -0.7828068283204369
 -1.251960308705861
 -1.195938670421447
 -1.619819908230759
 -0.806576576311263
 -0.7425451798097933
 -0.2616323902471185
 6.37088770959732
 -1.645478127942557
 -0.859143313857221
 -1.368915336521522
 -1.242135251356904
 3.878247591756631
 -0.979942172238279
 3.710511761660978
 -1.038819598418267
 -1.245446875190309
 -2.106537788922111
 -1.063085539287893
 -1.871547046593842
 -1.399417946214392
 3.150404237980069
 2.445841024949815
 2.823777565939368
 -1.248992647677817
 -1.3328590745864
 2.120273873874151
 -0.7587265110999035
 -0.6517645239484532
 -0.5421378520714663
 -1.053827737332333
 -0.1039609043083102
 0.05250684651562321
 0.4461311910993885
 -0.7164280676451069
 -2.01923524081091
 -1.942001920213888
 -1.830083117881029
 1.618521673893259
 2.710614697173693
 -1.682742172042904
 1.833804428786297
 1.916532115400135
 -1.373389565000371
 0.3347094257767587
 -3.663220844120175
 0.8713995452281142
 0.9718759855175259
 1.329383776214532
 -3.269836309629454
 0.8871961203103754
 0.9488322323594638
 0.3728562102951996
 -1.355756954448051
 -1.041118115562439
 2.573041035260724
 2.388179566694351
 -1.136321043431115
 -1.115278821727868
 -1.611570882058803
 -1.239620003465772
 2.644751606935241
 0.2075684061362066
 -2.274235747457833
 -1.653984368649238
 2.231827070345495
 0.1170907853937537
 -1.675048895896112
 -1.278401726623978
 2.750178179134634
 -0.050308750349276
 1.813985795739411
 0.9197613269485208
 -2.438244774189106
 1.256781755038988
 1.857971651763989
 -2.381718190912784
 -2.985344639121184
 0.4932965395790982
 0.9819376112856606
 -2.251249413551669
 1.995813763726823
 -2.209856127622334
 1.394380600815151
 -2.743609373904181
 1.599152312267204
 2.397826766730588
 -2.152932254666165
 2.249506402882514
 0.9589646216819903
 1.661700615120496
 -3.075376050733356
 -2.535161019950552
 1.260449443034213
 1.544460741385542
 1.24914448499408
 -2.723445143300242
 1.472383984544084
 -0.9580668769019545
 -1.378702299042251
 -1.718984379048649
 -1.26044589530296
 -1.782839506720752
 2.211583574208371
 3.465659304873539
 2.909902609181584
 -1.04552698630743
 1.477951496337589
 0.612200246280633
 -4.18160983526298
 0.6362950969556356
 1.746123352795203
 1.151983449431658
 -4.365889343079136
 0.9456330570046771
 1.29286493237038
 1.764305661176797
 -2.511495714839133
 -2.625627661572526
 -1.968429306416512
 2.060374020168899
 1.675729175584275
 -2.687702797467098
 1.570902203595316
 1.548069269400277
 -1.148657212618568
 -0.06381221997118376
 6.122987498027806
 -0.7411060564238245
 -0.9416222918088234
 -0.2066398494449833
 -0.4750523210623476
 -1.137290520359915
 -0.7900720396322216
 -2.065162990820756
 2.185958316797731
 -2.145039843649414
 1.329647172424953
 -2.472239704691047
 1.513100992269397
 2.721698425792452
 1.657844480718135
 -1.731006199551629
 0.8218507409464525
 0.7758679131733728
 -0.2900048002880207
 0.5804915174730616
 -3.323298479698443
 0.2179474912008329
 0.7367547627185761
 0.02905435642923292
 0.514792757306509
 0.7591110125527115
 -3.452866828994615
 1.005942119627957
 0.7453701071759613
 1.059664234007885
 1.153658230169526
 0.7639977813563708
 1.41287601862603
 -3.806207666931345
 -1.355756954134903
 -1.041118115938896
 2.573041034825816
 2.388179567792531
 -1.136321042622471
 -1.115278820492655
 -1.611570882447924
 -1.239620004089883
 2.644751607128941
 -1.645478127942604
 -0.8591433138572421
 -1.368915336521589
 -1.242135251356737
 3.878247591756683
 -0.9799421722382528
 3.710511761661031
 -1.038819598418373
 -1.245446875190502
 -2.775445229806215
 1.273496329520985
 2.330048324140484
 0.6546834420692509
 -0.7750281554829374
 1.302196125617481
 1.431850098281112
 0.6747705496650083
 -2.339896106320502
 -1.402343674727547
 -0.782806828262244
 -1.251960308676731
 -1.195938670416558
 -1.619819908208557
 -0.8065765762977786
 -0.7425451797954943
 -0.2616323902277515
 6.370887709633497
 1.635864512470303
 -2.465018892071246
 1.584749079479034
 -1.771285230958372
 2.175972626466927
 1.831439589989184
 -2.733275283529544
 1.675707935286672
 -2.529895537448877


