# Created by Octave 3.6.4, Wed Dec 17 20:47:05 2014 EET <ilij@hp>
# name: nn_lsizes
# type: global matrix
# rows: 1
# columns: 3
 18 30 9


# name: nn_params
# type: global matrix
# rows: 849
# columns: 1
 -0.08566980914486751
 0.4638859959915151
 0.1788357827529532
 -0.576843272633583
 -0.2117875376746533
 0.2799421655873419
 -1.591876621815615
 0.4319481468629909
 -0.8725898212661424
 0.4761409295229106
 -0.6619696674792253
 -1.007143680852469
 -0.9836117441370676
 1.036740404651984
 1.092931469335263
 -0.5280637594584144
 -0.5104157856912981
 -1.299131713330448
 -1.749970888771382
 0.5639597116640901
 0.7622656369741533
 -0.3051353578799863
 -1.435821873045671
 -0.2857663302797193
 -0.09350727176951595
 -1.451448795864884
 0.7569617414192016
 -0.7781106254957151
 -0.1267280560336072
 -0.6644394697473804
 -1.293965304000985
 0.8984926344788993
 -0.588463438311592
 -0.3240625745897707
 0.5510758842665842
 -0.2467667590612809
 1.00127443477019
 -1.409466558312092
 -0.1356644546622531
 1.19726668084974
 -0.9010560098912368
 -0.1896399636310917
 0.1172798419253653
 1.201077466232575
 -0.4822823949677842
 1.299941201167487
 -0.9861624997533044
 0.1676411955935443
 0.9478089782336941
 0.04798028598291366
 0.5435018520499917
 0.9290727311514901
 1.037661643231084
 -1.127874884584985
 -0.2774312274788638
 0.6947683093603644
 -1.144376766090249
 0.9880402191258879
 -0.3613041038991947
 -0.1757956806111434
 0.4765351763528781
 0.1799728681396495
 -0.7947653656133347
 -1.318667616352625
 0.4042099510533284
 1.098306206943538
 -0.8239396491883308
 0.657748035692295
 -0.4514342272294589
 0.6939495548201121
 1.23493444332927
 -0.8954546973731355
 1.279862016856014
 -0.7586276224701641
 -0.6290633843267266
 1.01555518402482
 -0.4300303555769304
 0.9610362749277706
 -1.230854244893137
 -0.8915347375452526
 0.5393381547154317
 0.9348460219816465
 1.181637062497281
 -0.8966693108226333
 1.042764773220622
 -1.489412189823261
 -1.359294570063155
 -0.8118917758100894
 -1.355996241287392
 -0.6888603387060476
 -0.482194207795085
 -0.7540818864829277
 0.42151981443734
 0.2733803143720553
 -0.518477063782128
 0.5963778464916852
 1.169211959630268
 -1.086330570039965
 0.4232590746001607
 0.5913350378333845
 0.2408011996029618
 1.234015314551786
 0.488653577610168
 0.5000420541768119
 -1.622957614807861
 0.8880281275501657
 0.3578616416108422
 -0.3402669057767489
 -1.417454144875777
 0.9361130934587942
 0.2955313733229295
 -1.412945187969711
 -0.4139174149267213
 0.6629307761377463
 -0.7868878815484189
 -0.7126249051565311
 1.388178634817109
 -0.818705604550968
 -0.8796530221996611
 0.5392023899057246
 -0.1103020036368133
 0.8530833234208182
 -0.5416307627164779
 0.4185751190079854
 -1.166125054831195
 -1.109704504482778
 0.2249999332385568
 0.3623805160498765
 0.5449145499740262
 -0.7507021497466516
 0.8616972660045663
 0.4247281146518898
 -0.8138668232706751
 -1.197194086906879
 -0.6283277008872641
 -0.90874872393644
 -1.131529073917336
 1.071801640193494
 0.2545347955553722
 0.8586432552214134
 0.9147332585622046
 -0.5485697763318125
 -1.466611822157458
 1.588113824591406
 0.4714789544413998
 0.02168750482655711
 1.408782500335615
 -0.9394691750264057
 -0.3112232329617918
 -1.200733454062642
 0.5803200868795857
 -1.293905421648746
 1.390959550280805
 -1.966560473442887
 0.9074677499569955
 0.3639850608654931
 0.3991259075420692
 1.016749876726899
 0.4622445883147663
 -0.6207250817310913
 1.518338015287254
 -1.355156364048415
 -0.4999560409367272
 0.3076787206309839
 -0.6542446641391958
 -1.261729103066218
 0.2911585523298376
 -1.73905056282238
 -0.436990130658849
 0.660871768345217
 -0.85105991915282
 1.583439139406477
 -0.02308284179226156
 0.0499761724800676
 0.9270386673456906
 -0.06579580355383859
 -0.9057572853639506
 -0.05158552220403027
 -0.9631679890118493
 -1.453262994206939
 -0.9477639371839596
 0.2206997795192083
 0.8293176091607805
 0.1570845827738301
 0.00428635966285312
 0.1655539173684243
 0.995417925038939
 -1.351399120399342
 1.049808317178689
 -0.8063426732678497
 -1.125604103637557
 0.01219220175924273
 -0.7864631486089628
 -0.805893373810856
 0.5075835055670319
 -0.6416181819673757
 0.4184103100861074
 -0.5121772546313369
 -1.356273589202118
 0.05306694586647714
 0.3415713007871805
 -0.6319031104502341
 -0.5651827111915884
 -1.191635996431411
 0.4797723406466282
 0.047348614375557
 -0.7696349344488962
 -0.6392873234423541
 -1.241946742940325
 0.2388229949062689
 -0.2947184646703533
 0.7029304624859372
 -0.6492226824460418
 -1.258333435909831
 1.100795776222651
 0.9479884616595426
 0.7363707926122
 0.6768793008481363
 1.124831019510444
 -0.2195881609193698
 -1.047451278540362
 0.4730341292286307
 -0.233117504300519
 0.7949328262537659
 1.432410327836805
 0.6715252772610016
 0.35273579457596
 -0.3143287829527367
 -1.614983408860539
 0.7858927377406324
 1.131513253132299
 1.330530800700591
 0.5575276375657369
 -0.7399792371153681
 -1.272019194771144
 0.9306568492915945
 0.9327399509081268
 -0.6737051331091468
 0.2393605627382129
 -0.9520719194197172
 0.5645530457375005
 -0.2060201043067498
 -0.3976941313138513
 -0.4666980563887819
 0.5894191251046016
 0.7578058903119606
 -1.004498706311229
 -0.3576189401258984
 -0.5782079572443224
 0.4128821512277951
 -0.4238455489546261
 0.09202813536268083
 0.3219017563897223
 -0.372265521987434
 -0.2889424674155288
 0.2732128487209936
 -0.4956907885309389
 -0.1104618662967105
 -1.215719902252428
 0.1551107967000004
 0.6561361860131992
 0.212861935174927
 1.033012279140141
 -1.129027602785396e-06
 -0.9242696546702276
 -0.9558473678197862
 0.6375056654298197
 -0.7513775294683805
 -1.270325732490464
 -0.02755406760225945
 -0.4294428193687875
 -0.3930270425267179
 -0.9546250168460324
 0.5169256371508723
 -0.6254854370559605
 -0.7298372758160442
 -1.499393623669392
 0.4354103926745839
 0.7326948766632918
 -0.3276785551345136
 -1.418128982855595
 -0.008084439191464309
 0.1174168347934759
 -1.213886722504629
 -0.9184376132070602
 0.8495436910420326
 0.6858540856870142
 0.5141119111202264
 0.4966893423643265
 -1.069149781735002
 -1.387428215472857
 0.3897692438439166
 0.08943947098885982
 1.370481534504676
 -0.2846542274604352
 1.083250724828807
 -0.2610405055501226
 -0.2156874480283071
 -1.071458225506333
 1.586979477409782
 -0.7103755890150704
 0.333158745720775
 -1.115230888864399
 1.336373217543549
 -1.048010709610261
 0.2009523834569487
 -1.091912068339028
 0.3451241318046773
 0.6391119554610023
 -0.2895228009818576
 0.503408400056698
 1.301264718073176
 -1.024442493829902
 -0.8690430811439234
 -0.966957110871733
 0.668894663885654
 -1.214514264086028
 -0.340851938533564
 0.5070022659733155
 0.09338985324067188
 0.08111590083093857
 -1.403039453523309
 -1.233561981385505
 -0.4187719291777678
 0.9887162165540032
 -0.1504539303123477
 -0.618090970508258
 0.7233767475876905
 0.5047504120630879
 0.4219356158736579
 -0.9702935920235412
 0.2167132208679036
 0.9074374727064402
 -0.7912620397099144
 -0.1661045229648101
 1.188984554781128
 0.05168650441702457
 -0.5503770520373304
 -0.1709226359116182
 -0.629544675063209
 0.7578601276619703
 -0.01086820452838306
 -1.292555273443758
 0.9391876269791658
 0.1200065569082319
 -1.705446876816721
 -0.8256586278048802
 -1.976302173770935
 0.9521349595982409
 -0.0222326683319408
 -0.4534258588265511
 -0.9706092066419538
 -0.05874345078765036
 -0.04470659797000497
 1.00723822043029
 -0.9570184967573642
 0.5277241795758431
 0.1057592582245157
 0.09284784308899928
 -0.0488423689117833
 -1.292939886788506
 -0.5205284792174422
 -0.1198129381848475
 0.8718916465785422
 0.7076362322819898
 1.332904241554107
 -0.3650483449018792
 0.7343987650145324
 -0.6743841396390239
 0.5142484042981067
 1.368072704790857
 -0.3506637194454558
 0.6259055533463919
 1.124963675604878
 0.4770689717905603
 -1.388766070137463
 1.056620694134101
 0.8164342693835378
 1.497341315357764
 0.8026065250190288
 0.1956028089658033
 -1.321365356994807
 0.1552880806118954
 -0.6423226157813277
 -0.02935516922570569
 0.6742383958700013
 0.884166818043957
 -0.4524804772323925
 -1.116426703426741
 0.1267530296178956
 -0.2706705778070312
 -1.11344023854651
 -0.1152667186755527
 0.9168701368032728
 0.5092406505617274
 -0.2126593850652766
 0.6606698839619335
 0.2743598889210627
 -0.0886730261257313
 -0.3430371529709054
 0.308752354478649
 -0.1065890444249233
 -1.080843435280925
 -0.08205332456598455
 0.5599271284593325
 -1.119326577894297
 -1.782416081570073
 0.6225480768372358
 0.5786378507322733
 0.6918169234078828
 1.413579105478169
 0.5655372118235719
 -1.508706316039383
 -0.266614498578542
 0.8935378641588447
 -1.365986583810413
 -1.602154199953379
 0.4496403277755929
 0.02287189874630711
 -0.185120907446965
 -0.2041477968550218
 1.183228413857994
 -0.649680633520109
 0.346378268309066
 0.1767310754713608
 -0.3308022733894485
 0.3973334786773194
 -0.04289005120108064
 -1.502992579200939
 0.3694548532730887
 0.4242663509481359
 -1.297352419804614
 -1.325316517320733
 0.5449625579021145
 -0.4987458799769027
 -0.8366888286303426
 0.7407373147287325
 -1.07593651600199
 1.419267104917305
 0.6366296498024012
 -1.073956416312057
 -0.5558252534372105
 0.1233955717912345
 0.7436358551060409
 1.139130720200376
 -0.3845481423632147
 -1.291089060061029
 -1.313052006024582
 0.5086899239655995
 0.2407191233529457
 -0.9878033020768885
 0.6434332883080428
 -0.7059459108738536
 0.8849071471332827
 1.119804542402977
 -1.22791702854067
 0.2623673793399141
 -0.1376573612294783
 -0.8770320644352964
 0.1636079753188802
 0.0664139616737745
 0.6250750745584628
 -1.353250341169089
 -0.9649581578812748
 0.5547861308776851
 0.4886226631813276
 0.2091658806000348
 0.959508249866784
 0.6622149943176459
 1.02369033656654
 -0.3826790647405695
 1.095056588689703
 -1.432217840086808
 0.3402642601270248
 -0.5156051589624315
 1.012631388793632
 -0.7180725621142003
 -1.114736839153741
 1.119141846098135
 -0.2077234519659677
 0.1277900991102057
 -0.638467264442102
 0.05303073790374114
 0.5975894694574223
 0.8100770086514053
 0.3611357412246088
 -0.6226150615224079
 -0.9526343510177888
 0.1289380691337141
 0.4215945681559537
 0.5243339165437627
 1.220005500642128
 -1.103292871515632
 -0.6390868225177819
 -0.8444926458103033
 0.50203154944714
 -0.6205496943688079
 0.8425276393268623
 -0.5762049790053283
 0.9258616810529628
 -0.09299882154017385
 0.8786166764422858
 -0.6280432964325107
 -1.255422744513116
 -1.193218484210709
 0.8404827775673034
 -0.8493356203959085
 -0.901291819362583
 -1.10162956846452
 0.8328862740585157
 -0.7735480139450426
 -0.809699308922271
 -0.3051799243120317
 0.6262656948584479
 -0.645430691243988
 -0.8111492332115718
 -1.538116350124182
 0.3626821796501852
 -0.4743723199018963
 1.060869899476316
 0.3543669393991191
 -0.9390319552321161
 -0.7463066334655279
 -1.00348320063007
 0.3327119297281958
 0.6166998430141252
 -0.9756827718168
 0.1770356026856003
 0.896104460258514
 0.5045689170676113
 -0.7694762847767658
 -0.4389891293970916
 0.9805856801217322
 -0.7819100302654326
 -0.9534613181217807
 -0.6410966210725635
 -0.915594866228199
 -0.5047674364938511
 0.1930999364914824
 -1.029225734254718
 -0.4645229490588102
 0.5449944724063496
 0.04528557332536835
 -1.323054924967265
 0.09721543811386484
 0.9221155169077095
 -1.252683958844296
 -0.4327414290340373
 0.1038681824648114
 -1.152708800608228
 -1.336505059426917
 -0.5878968320419833
 -0.8498399157715789
 -1.452891764484664
 -1.569750572415991
 -1.561561339797456
 -0.8605528573560415
 0.2080249824256647
 -0.4026523444504323
 -0.249579881271956
 -0.5708796397201064
 0.4999956284829798
 0.7217062592963414
 0.2841500626311758
 1.018717199971493
 1.133422233960173
 -0.2705762234530262
 0.2819418349823475
 0.7321065286856927
 -0.4895500077733821
 -0.3532444907381104
 -0.6076014160159409
 -0.3872612990598914
 -0.1169808284023079
 -0.6521904410490665
 0.1660377088927744
 -1.198766804294954
 0.1254004054089402
 0.2738664415272747
 0.4891285152190585
 1.213614710368279
 0.5165010751477553
 -0.3064338020283274
 -0.3614503330418917
 -0.2350588435758734
 0.3450104869111442
 1.350752422415398
 -0.4610779131158572
 -1.357976815206312
 0.2474446133328763
 -0.9571764858081403
 -0.9276950053447178
 0.09905111628263477
 -0.7448758420005984
 0.473961099909567
 -1.198032641417101
 -0.2008553599674214
 -0.01827818344442811
 -0.4719575072787508
 0.08839655843440605
 1.258121229650944
 -0.5308738227455023
 -1.65274273969824
 0.4341910602039127
 -1.486368405744005
 1.279891262767844
 -0.9769216868272121
 1.019036425413309
 -0.7221002598175748
 -0.6612733944398456
 1.485939107696133
 -0.6770952440753569
 0.5649588470536999
 -0.7198593885525573
 0.8457679741734193
 -0.1575471853509227
 -1.193700473108399
 -1.242518828992256
 -0.3134426140747516
 -1.958446504614461
 -1.029370776683058
 -1.348054138369801
 -0.5903730926784054
 -0.3353180830044912
 -0.3237230618939387
 -1.574313639831793
 -1.912455613770107
 -1.353144497912045
 0.1491374357660825
 -1.514144735505025
 0.6703169993968782
 -0.5619370672720311
 1.451584673687169
 -1.277758398039613
 1.024325011608432
 -0.7156027076744911
 1.302546605287057
 0.619612839391067
 -0.9809872975297074
 -0.1361036219268171
 0.9432382123917404
 1.974312044070051
 -1.280121245917024
 -1.542515629648075
 1.303015641785596
 -0.0714803079269805
 0.5947121953522705
 -1.381153379632082
 1.154846334148478
 0.2130880554284536
 0.2216548408322227
 -1.505955446918362
 -1.242104666714077
 -0.0715561364955996
 -1.468891665219975
 0.279918412392207
 0.8902696980042546
 -1.477017476468514
 0.1018377910842563
 -0.9748815899597922
 -1.500759399055252
 0.2188589408334853
 -0.4500539577345568
 -1.637713615567357
 -0.8821990307040982
 0.5435187636875058
 -0.6712927268568123
 -1.236075298635631
 -0.1651774589622614
 -0.07771606104717466
 -1.089987546670746
 -1.242488509883916
 -1.5285388372077
 -0.5821489913915747
 0.943673209205828
 1.074819064555937
 -1.208183059405213
 1.683969689231118
 0.2676876393315575
 0.524069361484753
 -0.6845010280863121
 -0.2678215376850082
 1.295049836817574
 -0.5533678033991248
 0.06854452829678707
 0.331990710070272
 -0.1790724328720905
 1.330934823257118
 1.44891935654113
 0.8969361427648664
 0.6624871189104191
 -1.339339152137781
 -0.3239850334709932
 -0.415867343326899
 1.279884758969587
 -1.175908909025378
 -1.436167278085535
 -1.106536861630756
 -1.13177335521891
 0.6235960766485683
 -1.394266754344005
 -1.193167498736348
 -0.7061536203182429
 -0.1538832119708373
 1.468570096770301
 0.5120596880718208
 -1.726050637719755
 0.9488831754154151
 -0.643057711347898
 -0.4307201579699234
 -0.4818220523041987
 -1.384995671968911
 -1.514024009424259
 0.2388915222782827
 -0.6013541105593785
 0.5695827744649431
 0.6383486545634395
 -1.444948769703592
 -0.8143667897592269
 0.7665932963772533
 0.08286423278296214
 0.7576005564005044
 -0.1596826674841132
 -0.9097616370801858
 1.056198199238223
 -1.525581322473369
 -0.756748094554513
 0.5482657633372584
 -1.556243539262006
 0.8540625837257174
 -0.04975399087290782
 -0.2677572992295416
 -1.328424934910951
 0.6071226811460024
 0.5711792299304242
 -0.2689020074007938
 0.7239264317742319
 -0.3555343056578226
 -0.3059017653596427
 -0.540659945254913
 -1.197028767868658
 -1.150452045013999
 1.194901098563004
 -1.397584109444736
 0.4531281643038405
 -0.8221342946102698
 -1.556811891920486
 0.08537322792725208
 -0.09885507939023226
 -0.2761624058085861
 -1.108855688377599
 -0.4876769647729657
 0.07191396170047634
 -1.371981822908593
 -0.8418068572742567
 -0.6689904420783993
 -0.4572230136033869
 -0.0931409208982452
 -1.384686772961055
 0.821193290881727
 -0.9925707125640965
 -0.1312041781394384
 0.8875707262784494
 -0.6672866006530283
 -1.326094062627433
 -1.602889489106332
 -0.9158290742930942
 -0.1881444507302447
 -0.9769801541412408
 -1.202131285034512
 1.363204731943595
 0.9657422001200062
 -1.514918063687544
 0.4119522424393857
 -0.08512558598812971
 -0.2491428299219432
 0.3608945560471368
 0.3952642878038681
 0.8872972502903533
 1.102173999788995
 1.050915641442092
 0.2307228648210793
 -0.05761798664972246
 0.2758801811328261
 0.900837696152864
 0.02936535276327353
 0.2097281386374531
 -1.097815236318341
 -0.66929708591268
 1.180056192377925
 -1.489152689994389
 0.4958412816835773
 0.97844525912617
 0.1204922186956056
 -1.560948987758645
 -0.4694242914196121
 -1.590458673636413
 0.2456770272281401
 -0.7645116383246227
 -0.2845310508695523
 0.2888566069659215
 -0.048112507657898
 -0.4185697780051761
 -0.1392445104016956
 -0.8231820566086823
 0.236892469805164
 -0.5083292742756734
 -0.6026968787144787
 0.1921319186859043
 0.132709572201908
 0.8320479894719477
 -0.973016831511047
 -0.3520903252669916
 -1.277020586322028
 0.1866851080074451
 -0.7823976602099408
 -0.6528170253906006
 0.7200318146690259
 0.9286345262912087
 1.317780188032802
 0.6851788381105173
 -0.1019870261175147
 -1.327797000192753
 -1.099983649618112
 -0.6099265717249472
 0.3108654479045473
 0.6582003085768624
 0.6875826904053035
 -1.371136507898371
 -0.1076888558739219
 0.3146180632679359
 0.9935277805900374
 -0.8700229751719941
 0.2387408439337409
 -0.5893885733872104
 -0.3257889987298092
 -1.029343753456217
 0.9794904283815091
 -1.535872932677712
 -0.5119728368209602
 -0.2291397580644348
 0.9771842463171612
 -1.149965116354958
 -1.7074598215232
 0.2412177352034542
 0.1525873754925554
 0.2817058784359826
 -0.756993788924085
 -0.4651153462375692


